CA:
 1.64813959616755e-02 6.43530228379748e-02 1.22830446815388e-01 0.00000000000000e+00 2.61088719439080e-03 9.34930392340098e-01 -7.65302805844640e+00 -6.77125203487662e+00 7.85804020698541e+00 0.00000000000000e+00 -1.43185440025324e-01 0.00000000000000e+00 -6.01280558356110e+00 1.02870040489557e+00 1.10847172830063e+01 0.00000000000000e+00 -5.30550175712754e-01 3.03975271487692e+00 0.00000000000000e+00 5.03438554991874e-04 0.00000000000000e+00 1.20469172264689e+00 5.65447881473052e+00 4.02590382283741e+00 1.15466527470746e+00 0.00000000000000e+00 0.00000000000000e+00 0.00000000000000e+00
 -9.74938484495219e-03 3.47435532631901e-01 -5.45263718776079e-01 0.00000000000000e+00 -3.13484717984700e-03 -1.90863435306606e-01 5.45747721273980e+00 4.75275907014030e+00 -6.93733810119709e+00 0.00000000000000e+00 1.22885286187345e-01 0.00000000000000e+00 1.74666094983699e+00 -8.40365416596976e-01 -6.85389910059829e+00 0.00000000000000e+00 8.70364756858341e-02 -1.48458258186010e+00 0.00000000000000e+00 -2.63863373982776e-04 0.00000000000000e+00 -9.52871459871431e-01 -1.16144030223807e+00 -2.63310424495460e+00 -5.83551507211765e+00 0.00000000000000e+00 0.00000000000000e+00 0.00000000000000e+00
 2.73896305921699e-03 8.33560528344404e-02 -8.07358151662379e-02 0.00000000000000e+00 3.89782262654008e-04 4.35753773504119e-02 -3.62548021277403e-01 -3.77284580306834e-01 5.88912856328328e-01 0.00000000000000e+00 -9.82581573770432e-03 0.00000000000000e+00 1.09500861869018e-01 6.08813932271926e-02 3.64510780836045e-01 0.00000000000000e+00 2.67494565616497e-02 7.17041004820745e-02 0.00000000000000e+00 1.56020694124544e-05 0.00000000000000e+00 9.66027193673259e-02 -2.00894030134840e-01 1.99407900333246e-01 1.12067783611937e+00 0.00000000000000e+00 0.00000000000000e+00 0.00000000000000e+00
 0.00000000000000e+00 0.00000000000000e+00 0.00000000000000e+00 5.93157735682048e-03 0.00000000000000e+00 0.00000000000000e+00 0.00000000000000e+00 0.00000000000000e+00 0.00000000000000e+00 -2.89485830297548e-01 0.00000000000000e+00 -6.74799239728961e-01 0.00000000000000e+00 0.00000000000000e+00 0.00000000000000e+00 -9.67255820943617e-01 0.00000000000000e+00 0.00000000000000e+00 -6.08392889223548e-05 0.00000000000000e+00 -7.16877667321030e-01 0.00000000000000e+00 0.00000000000000e+00 0.00000000000000e+00 0.00000000000000e+00 0.00000000000000e+00 0.00000000000000e+00 0.00000000000000e+00
 8.73556140266012e-05 2.66896674094739e-03 -5.29832148359146e-05 0.00000000000000e+00 -4.98507063312389e-03 -3.60841621158987e-02 4.55814508441196e-05 -5.12740902718412e-04 -1.48529256209098e-01 0.00000000000000e+00 -3.64868739853023e-02 0.00000000000000e+00 -3.70934820831270e-03 5.68129205874174e-01 1.77117713961155e-04 0.00000000000000e+00 -9.49962320775496e-01 -2.56821331262314e-01 0.00000000000000e+00 -1.15990147838925e-04 0.00000000000000e+00 -7.37386298083520e-01 1.54352861657006e-04 3.22043339405554e-01 6.34906773061197e-02 0.00000000000000e+00 0.00000000000000e+00 0.00000000000000e+00
 3.33186769286978e-03 3.35265913703069e-02 -3.53293424774006e-02 0.00000000000000e+00 -1.46000507224117e-04 -5.38189105526460e-02 -1.73515741611754e-01 -8.66608949345981e-02 1.61235382858457e-01 0.00000000000000e+00 -5.49619184638540e-03 0.00000000000000e+00 -2.35183846862372e-02 6.38125378207628e-02 8.21716793537533e-01 0.00000000000000e+00 -2.98027124690725e-01 1.17630575640500e+00 0.00000000000000e+00 1.83012584859505e-04 0.00000000000000e+00 1.67840252290072e-01 1.68969069505355e+00 6.72265768803883e-01 -1.76136152189359e+00 0.00000000000000e+00 0.00000000000000e+00 0.00000000000000e+00
 1.99854464736481e-01 -1.95599291913289e-02 -1.82267281685156e-05 0.00000000000000e+00 -1.79963509767329e-03 -5.16245664598694e-02 1.58607493258200e-05 -1.42196831604161e-02 -1.24677297361224e-01 0.00000000000000e+00 -1.15820969051283e-02 0.00000000000000e+00 -1.25098937114887e-03 1.92602750375384e-01 6.37220124013602e-05 0.00000000000000e+00 -3.62103786595377e-01 -1.20860704353825e-02 0.00000000000000e+00 -2.97798282287931e-05 0.00000000000000e+00 -3.01077696107789e-01 6.63085606603068e-05 -1.36813073542804e-01 -1.68698832666148e-01 0.00000000000000e+00 0.00000000000000e+00 0.00000000000000e+00
 8.40468533515881e-01 -1.95160294278492e-01 3.36922461927130e-05 0.00000000000000e+00 2.91248431528020e-03 4.19653695155074e-02 -2.79910271212888e-05 3.14417088685368e-02 -1.71915837847216e-02 0.00000000000000e+00 2.52012143913660e-02 0.00000000000000e+00 2.47882399629386e-03 -3.78871350178058e-01 -1.21273944988888e-04 0.00000000000000e+00 7.61928738949711e-01 -3.89315764317254e-01 0.00000000000000e+00 -8.37492472684879e-06 0.00000000000000e+00 6.55081482827242e-01 -1.55199399959211e-04 1.17667836924754e+00 8.80213258133704e-01 0.00000000000000e+00 0.00000000000000e+00 0.00000000000000e+00
 -5.08544713549802e-02 -7.95593067971112e-02 -3.49845563337588e-05 0.00000000000000e+00 -3.98229294230327e-03 -6.41984668213491e-01 -4.85404776750677e-06 2.50871368201563e-01 -1.25589323465165e+00 0.00000000000000e+00 -4.14424945809447e-03 0.00000000000000e+00 -1.58248394420777e-03 2.58071699529919e-01 1.35337661373105e-04 0.00000000000000e+00 -9.76544882171131e-01 6.68722471133942e-01 0.00000000000000e+00 3.57707926916509e-05 0.00000000000000e+00 -1.12993927558228e+00 2.84415748818084e-04 -3.45753871510080e+00 -2.15241859516992e+00 0.00000000000000e+00 0.00000000000000e+00 0.00000000000000e+00
 2.29739885344747e-02 4.67363314110330e-01 4.13778801957640e-05 0.00000000000000e+00 6.62661596887239e-03 2.35977241273253e+00 5.44124497799587e-05 -3.20758746118226e-01 4.41392683208455e+00 0.00000000000000e+00 -5.31577103077680e-02 0.00000000000000e+00 -1.14486195000074e-03 1.18841326606602e-01 -1.46213520085472e-04 0.00000000000000e+00 1.55968928864915e+00 -3.02247666169885e+00 0.00000000000000e+00 -3.97132923981731e-04 0.00000000000000e+00 1.05617791261456e+00 -2.70075561309833e-04 3.05278222087277e+00 8.82136391025909e+00 0.00000000000000e+00 0.00000000000000e+00 0.00000000000000e+00
 -2.15414750410794e-02 -1.08045258034586e-01 -4.07967753936914e-05 0.00000000000000e+00 -4.79505573840360e-03 -3.40953029262621e+00 -4.06502285725424e-04 4.69236165733988e+00 -6.69584610234747e+00 0.00000000000000e+00 1.19609987325788e-01 0.00000000000000e+00 5.71989854121073e-03 -7.91752358229891e-01 -9.27454355905698e-06 0.00000000000000e+00 -1.17641628706347e-01 -1.08778023214876e+00 0.00000000000000e+00 -2.12400121467714e-04 0.00000000000000e+00 -1.21212703587619e+00 3.10477317499414e-04 -4.34447640584874e+00 -1.03491803986527e+00 0.00000000000000e+00 0.00000000000000e+00 0.00000000000000e+00
 0.00000000000000e+00 0.00000000000000e+00 0.00000000000000e+00 1.06966214713670e+00 0.00000000000000e+00 0.00000000000000e+00 0.00000000000000e+00 0.00000000000000e+00 0.00000000000000e+00 1.47800229789074e+00 0.00000000000000e+00 4.62634689178702e-05 0.00000000000000e+00 0.00000000000000e+00 0.00000000000000e+00 7.54073654048923e-01 0.00000000000000e+00 0.00000000000000e+00 1.31520422251400e-05 0.00000000000000e+00 7.67627395920153e-08 0.00000000000000e+00 0.00000000000000e+00 0.00000000000000e+00 0.00000000000000e+00 0.00000000000000e+00 0.00000000000000e+00 0.00000000000000e+00
 -4.86631326160093e-05 -1.81743268934578e-03 -4.97394968726549e-05 0.00000000000000e+00 -1.07031988117008e+00 2.59095532702556e-02 -2.36415992184427e-05 8.24007761872317e-04 1.27815389885546e-01 0.00000000000000e+00 1.38536429273770e+00 0.00000000000000e+00 3.32200836395155e-03 -3.78663758299259e-01 -2.97745406392713e-04 0.00000000000000e+00 7.68567485749923e-01 2.37131042841578e-01 0.00000000000000e+00 6.53408604793048e-05 0.00000000000000e+00 3.35180051337850e-02 -1.28120926843432e-06 -1.26051516208937e-01 -3.14560510665434e-02 0.00000000000000e+00 0.00000000000000e+00 0.00000000000000e+00
 -8.11750145327978e-08 2.89809768574423e-06 1.42773393280779e-01 0.00000000000000e+00 -3.93002125803797e-04 6.40877433834011e-05 -2.41780632053811e+00 -1.67804743823488e-04 -4.42549521644611e-04 0.00000000000000e+00 4.15091215795524e-03 0.00000000000000e+00 -5.83676693659284e+00 -3.81671480456155e-02 6.48158382238779e+00 0.00000000000000e+00 8.44904785106731e-04 1.21461680537543e-04 0.00000000000000e+00 2.55641292863917e-07 0.00000000000000e+00 8.53516282446563e-04 3.55639698190971e+00 1.07784023970170e-05 -3.10951162225184e-06 0.00000000000000e+00 0.00000000000000e+00 0.00000000000000e+00
 0.00000000000000e+00 0.00000000000000e+00 0.00000000000000e+00 -9.96717562720712e-02 0.00000000000000e+00 0.00000000000000e+00 0.00000000000000e+00 0.00000000000000e+00 0.00000000000000e+00 -1.54924885140305e+00 0.00000000000000e+00 -5.11531866386936e-05 0.00000000000000e+00 0.00000000000000e+00 0.00000000000000e+00 4.34239389316831e-01 0.00000000000000e+00 0.00000000000000e+00 -8.93419338170394e-05 0.00000000000000e+00 3.84020363930247e-07 0.00000000000000e+00 0.00000000000000e+00 0.00000000000000e+00 0.00000000000000e+00 0.00000000000000e+00 0.00000000000000e+00 0.00000000000000e+00
 -4.87940297280026e-06 2.60498913025604e-04 4.34097282792943e-05 0.00000000000000e+00 9.98360685764760e-02 -7.07264543519970e-03 -1.06199283777448e-04 -2.49132518023321e-04 -1.02248753835806e-01 0.00000000000000e+00 -1.46222610770357e+00 0.00000000000000e+00 -4.44198476012177e-03 5.57744442018829e-01 1.41339481431824e-04 0.00000000000000e+00 3.52522574128707e-01 6.81203368617074e-02 0.00000000000000e+00 -7.51198892874628e-05 0.00000000000000e+00 3.45315131306685e-03 -1.78278627502431e-05 -8.04417310553621e-03 -9.59995787302180e-04 0.00000000000000e+00 0.00000000000000e+00 0.00000000000000e+00
 1.26687770780902e-07 4.54576753229790e-06 2.56130335496604e-01 0.00000000000000e+00 8.32818577244384e-05 -6.98820129851205e-06 3.33718057072038e-01 2.31297075278290e-05 1.04967159614661e-04 0.00000000000000e+00 -1.08074259448313e-03 0.00000000000000e+00 1.35097112997399e+00 8.84580184923645e-03 -2.43029284985079e+00 0.00000000000000e+00 -3.34719501674089e-04 -4.88299496904528e-05 0.00000000000000e+00 -6.81288409388594e-08 0.00000000000000e+00 1.89406228397306e-04 1.22673755044741e+00 3.24900367035281e-05 2.07957943137435e-06 0.00000000000000e+00 0.00000000000000e+00 0.00000000000000e+00
 0.00000000000000e+00 0.00000000000000e+00 0.00000000000000e+00 -4.52264984134335e-05 0.00000000000000e+00 0.00000000000000e+00 0.00000000000000e+00 0.00000000000000e+00 0.00000000000000e+00 5.38576430746955e-05 0.00000000000000e+00 4.63873644643776e-05 0.00000000000000e+00 0.00000000000000e+00 0.00000000000000e+00 -2.39694817015202e-05 0.00000000000000e+00 0.00000000000000e+00 -9.99999994841746e-01 1.22578402983464e-09 5.14208542401120e-05 0.00000000000000e+00 0.00000000000000e+00 0.00000000000000e+00 0.00000000000000e+00 0.00000000000000e+00 0.00000000000000e+00 0.00000000000000e+00
 3.38942959656058e-05 5.66263788824066e-04 -2.50686280524452e-05 0.00000000000000e+00 1.36962141509097e-04 -4.67682932137502e-03 2.51894815495085e-05 -4.51953063418317e-05 1.20984955961318e-02 0.00000000000000e+00 -4.45473097523214e-02 0.00000000000000e+00 1.10238408787871e-03 -1.64190304948542e-01 6.80890455733161e-05 0.00000000000000e+00 7.84667429494227e-02 9.61226574019068e-02 0.00000000000000e+00 -3.71528415811543e-05 0.00000000000000e+00 -1.26735042770464e+00 2.76190069629471e-04 2.84492578532725e-01 4.00214391681558e-02 0.00000000000000e+00 0.00000000000000e+00 0.00000000000000e+00
 -3.31013111325149e-04 3.24396046041809e-02 8.86931975497384e-07 0.00000000000000e+00 1.22417622681448e-04 3.30416090249221e-02 -1.73319517719264e-06 2.60198829994553e-02 -1.55333734432588e-01 0.00000000000000e+00 4.30159082254022e-03 0.00000000000000e+00 2.82196755940788e-04 -4.12267393753722e-02 -6.87442375064234e-06 0.00000000000000e+00 4.28437261488018e-03 1.78146968478582e-01 0.00000000000000e+00 3.12901432669192e-05 0.00000000000000e+00 4.17486346716475e-02 -6.18746955730096e-06 -2.26165945339102e-01 2.24931779289312e+00 0.00000000000000e+00 0.00000000000000e+00 0.00000000000000e+00
 0.00000000000000e+00 0.00000000000000e+00 0.00000000000000e+00 1.38885139584857e-07 0.00000000000000e+00 0.00000000000000e+00 0.00000000000000e+00 0.00000000000000e+00 0.00000000000000e+00 -4.75249043883997e-06 0.00000000000000e+00 1.39713064428607e-01 0.00000000000000e+00 0.00000000000000e+00 0.00000000000000e+00 6.80866464041814e-07 0.00000000000000e+00 0.00000000000000e+00 -6.09092082236342e-05 0.00000000000000e+00 -1.31055485534389e+00 0.00000000000000e+00 0.00000000000000e+00 0.00000000000000e+00 0.00000000000000e+00 0.00000000000000e+00 0.00000000000000e+00 0.00000000000000e+00
 0.00000000000000e+00 4.07674257776739e-08 -1.03784767962058e-08 0.00000000000000e+00 -4.52133041323458e-05 -5.61236559539044e-07 -3.67214567224544e-09 2.63794099538596e-08 -9.29643427904850e-06 0.00000000000000e+00 -3.55344599605758e-05 0.00000000000000e+00 -4.10829106268262e-07 6.66224357580111e-05 3.68623266333095e-09 0.00000000000000e+00 5.96739428047803e-07 -1.53424252220134e-04 1.22578407949110e-09 9.99999983181336e-01 0.00000000000000e+00 -4.73932427539635e-05 1.18481346400383e-08 4.40512933171301e-06 2.18678129580775e-07 0.00000000000000e+00 0.00000000000000e+00 0.00000000000000e+00
 1.64816626240119e-02 6.43457955507876e-02 -1.22769652120447e-01 0.00000000000000e+00 2.45981159575240e-03 9.34457693228673e-01 7.65396808361093e+00 -6.77018045224295e+00 7.85905730169441e+00 0.00000000000000e+00 -1.53674438142720e-01 0.00000000000000e+00 5.99759156871222e+00 1.10702428565546e+00 -1.10845712526366e+01 0.00000000000000e+00 -5.33261382729775e-01 3.03942222720599e+00 0.00000000000000e+00 5.02868873005493e-04 0.00000000000000e+00 1.20182652265132e+00 -5.65508177552837e+00 4.02587761119326e+00 1.15467389571978e+00 0.00000000000000e+00 0.00000000000000e+00 0.00000000000000e+00
 -9.74966942622786e-03 3.47459705825927e-01 5.45191079965373e-01 0.00000000000000e+00 -2.51148484235221e-03 -1.90518262103701e-01 -5.45808321828067e+00 4.75199333048607e+00 -6.93771153090916e+00 0.00000000000000e+00 1.27434165958578e-01 0.00000000000000e+00 -1.73441884703658e+00 -8.62938884077212e-01 6.85383946572339e+00 0.00000000000000e+00 8.86337444498714e-02 -1.48440989534173e+00 0.00000000000000e+00 -2.63644373564033e-04 0.00000000000000e+00 -9.52032301992235e-01 1.16190986729206e+00 -2.63314356675938e+00 -5.83551996570728e+00 0.00000000000000e+00 0.00000000000000e+00 0.00000000000000e+00
 2.73900010408820e-03 8.33589081584715e-02 8.07393041630025e-02 0.00000000000000e+00 2.87499112462663e-04 4.35506811379485e-02 3.62596127550310e-01 -3.77233458824600e-01 5.88905403621434e-01 0.00000000000000e+00 -9.86228252739753e-03 0.00000000000000e+00 -1.10381889275105e-01 5.94298773260341e-02 -3.64514464211243e-01 0.00000000000000e+00 2.66628443412317e-02 7.16960938639333e-02 0.00000000000000e+00 1.56060381969871e-05 0.00000000000000e+00 9.66567391639844e-02 2.00847635758271e-01 1.99418121465086e-01 1.12067830535711e+00 0.00000000000000e+00 0.00000000000000e+00 0.00000000000000e+00
 0.00000000000000e+00 0.00000000000000e+00 0.00000000000000e+00 5.93227846695057e-03 0.00000000000000e+00 0.00000000000000e+00 0.00000000000000e+00 0.00000000000000e+00 0.00000000000000e+00 -2.89529580960327e-01 0.00000000000000e+00 6.74783658206286e-01 0.00000000000000e+00 0.00000000000000e+00 0.00000000000000e+00 -9.67254010257373e-01 0.00000000000000e+00 0.00000000000000e+00 7.54867691058392e-05 0.00000000000000e+00 7.16877101481003e-01 0.00000000000000e+00 0.00000000000000e+00 0.00000000000000e+00 0.00000000000000e+00 0.00000000000000e+00 0.00000000000000e+00 0.00000000000000e+00
 3.70653646461494e-06 1.39769682569194e-04 3.37982974291675e-08 0.00000000000000e+00 -5.91710815916005e-03 -1.47080404100046e-04 -3.46348201330853e-05 -9.81946491127039e-06 5.64076936496198e-02 0.00000000000000e+00 -4.92815308492438e-01 0.00000000000000e+00 3.86678615176155e-03 -6.34118771580626e-01 1.66662339415753e-04 0.00000000000000e+00 -9.01827210776471e-01 -2.60524255418143e-01 0.00000000000000e+00 1.78018263466521e-05 0.00000000000000e+00 6.72438132168693e-01 -1.42875583060487e-04 -8.42668411663165e-02 -5.52440039945611e-03 0.00000000000000e+00 0.00000000000000e+00 0.00000000000000e+00
 -3.33182286633088e-03 -3.35279250925585e-02 -3.53264897577891e-02 0.00000000000000e+00 1.49154128949239e-04 5.38282687837892e-02 -1.73525676290509e-01 8.66361224764199e-02 -1.61255456471859e-01 0.00000000000000e+00 5.74168584608480e-03 0.00000000000000e+00 -2.26626073171050e-02 -6.40624500408486e-02 8.21674033282127e-01 0.00000000000000e+00 2.98257590085274e-01 -1.17628858077416e+00 0.00000000000000e+00 -1.83012932034325e-04 0.00000000000000e+00 -1.67017658256252e-01 1.68977319433175e+00 -6.72245957662988e-01 1.76136005180528e+00 0.00000000000000e+00 0.00000000000000e+00 0.00000000000000e+00
