Ciap:
 1.46880180277940e+00 2.06063496745558e+00 2.82405990911552e+00 3.77203229012954e+00 3.60268702227297e-18 4.50335877784121e-19 0.00000000000000e+00 -4.49444063895675e-18 0.00000000000000e+00 0.00000000000000e+00 1.19986516666134e+00 1.73381138531636e+00 2.45012786958769e+00 3.37068340774460e+00 -1.31770274849672e-18 -5.21864164171348e-01 -2.77176462918349e-17 -1.59451737266560e-18 -6.78232375451431e-01 -3.52145831015602e-17
 1.59700726569400e+00 2.21221438955277e+00 2.98916771489524e+00 3.93381162034059e+00 0.00000000000000e+00 0.00000000000000e+00 0.00000000000000e+00 3.45982201701130e-18 0.00000000000000e+00 0.00000000000000e+00 1.25525387777685e+00 1.80552306881884e+00 2.53486433254801e+00 3.45866575522300e+00 -1.11080856973273e-18 -6.16414031521706e-01 -2.79239036481478e-17 -1.49145424453609e-18 -7.88855584222645e-01 -3.51167351660869e-17
 1.61383596006714e+00 2.16681434855176e+00 2.83313542839261e+00 3.60923247306022e+00 3.12089054957165e-18 0.00000000000000e+00 0.00000000000000e+00 0.00000000000000e+00 4.86673461676437e-19 0.00000000000000e+00 1.14879471181606e+00 1.63904387468418e+00 2.27362847380712e+00 3.05522199183151e+00 -1.09535690716121e-18 -7.06189299588778e-01 -2.26658494772427e-17 -1.21831854500373e-18 -8.76262341737655e-01 -2.75862174600209e-17
 0.00000000000000e+00 0.00000000000000e+00 0.00000000000000e+00 0.00000000000000e+00 0.00000000000000e+00 0.00000000000000e+00 6.83301046984953e-01 0.00000000000000e+00 0.00000000000000e+00 8.39561658718002e-01 -6.43595463385651e-17 -9.35221007147849e-17 -1.33000890841105e-16 -1.85461592742124e-16 -4.27772080168992e-18 3.07682237780911e-17 4.85085464468899e-01 -5.52257509712547e-18 4.00157181497598e-17 6.28342667869289e-01
 0.00000000000000e+00 0.00000000000000e+00 -9.61582624454807e-18 0.00000000000000e+00 6.83301046984953e-01 2.06781114775346e-19 0.00000000000000e+00 8.39561658718002e-01 -2.24747956370275e-19 0.00000000000000e+00 -2.85750465233661e-18 -4.10979113723676e-18 -6.18190111396245e-18 -7.91872579607255e-18 4.85085464468899e-01 1.49137742303977e-18 -4.12349777692491e-18 6.28342667869289e-01 1.55851660026363e-18 -5.37187172593159e-18
 0.00000000000000e+00 0.00000000000000e+00 0.00000000000000e+00 0.00000000000000e+00 1.20923109591953e-19 6.83301046984953e-01 0.00000000000000e+00 1.18335843255772e-19 8.39561658718002e-01 0.00000000000000e+00 3.79572310518694e-01 4.83040996577852e-01 5.75944394173425e-01 6.39284563992698e-01 -5.70653482287824e-19 1.82398015347299e-01 -1.43403361882166e-17 -7.53271701302390e-19 2.92156872302990e-01 -1.57173233518263e-17
 1.15625511248070e+00 1.64536822995108e+00 2.28806753889328e+00 3.09911111739263e+00 -1.20142750576428e-18 2.50760108403406e-01 -2.89854533693749e-17 -1.70109012618633e-18 3.20412715440889e-01 -3.60695672952111e-17 1.15625511248070e+00 1.64536822995108e+00 2.28806753889328e+00 3.09911111739263e+00 -1.20142750576428e-18 -2.50760108403406e-01 -2.89854533693749e-17 -1.70109012618633e-18 -3.20412715440889e-01 -3.60695672952111e-17
 1.16112441175125e+00 1.64232858068880e+00 2.26622782858075e+00 3.04178551357581e+00 -1.18937872080501e-18 3.27358918275738e-01 -2.82361131520125e-17 -1.46750528211973e-18 4.11546402020404e-01 -3.47104914648453e-17 1.20456164860336e+00 1.69401120001055e+00 2.32394226402120e+00 3.10212360724169e+00 -1.19898159141368e-18 -2.49452391539735e-01 -2.97647596615193e-17 -1.75135608148200e-18 -3.11720790795920e-01 -3.62343371206879e-17
 9.48493422143319e-01 1.32817816960077e+00 1.80851061799243e+00 2.38945057170837e+00 -8.51745122651615e-19 4.16319171527992e-01 -2.06462623922666e-17 -1.14753699010802e-18 5.06940824170563e-01 -2.46795398047717e-17 1.09872165592246e+00 1.49862993382438e+00 1.98911036384784e+00 2.56814825127358e+00 -1.13086581133378e-18 -1.90493655855859e-01 -2.51825317132802e-17 -1.26813734627914e-18 -2.26057325349179e-01 -2.89847580603193e-17
 -5.71419648666167e-17 -8.24207498999120e-17 -1.16210878241770e-16 -1.59463956476034e-16 -4.13601634163737e-18 -1.81064578616778e-17 4.69482430537621e-01 -5.17809380200309e-18 -2.33040311384698e-17 5.96026094885156e-01 -6.10582689067060e-17 -8.71589564991713e-17 -1.21687094433476e-16 -1.65871426392949e-16 -4.51480270183205e-18 1.04613483730446e-17 5.20386218698353e-01 -5.57399424727812e-18 1.31789351826400e-17 6.50278103151014e-01
 -2.55778117885416e-18 -3.88738292729940e-18 -5.20407001857448e-18 -7.81382779344388e-18 4.69482430537621e-01 -8.23089920887406e-19 -4.09068734353664e-18 5.96026094885156e-01 -9.07299663721694e-19 -5.08740073640938e-18 -2.88170971847646e-18 -3.88421458914700e-18 -5.55286813313680e-18 -7.77906000966439e-18 5.20386218698353e-01 4.91804524304992e-19 -4.45021135461309e-18 6.50278103151014e-01 5.44420133422194e-19 -5.54637472776421e-18
 -9.20446879659760e-01 -1.24565921749651e+00 -1.63214665098876e+00 -2.07106932570593e+00 1.04985860120446e-18 1.45255936468386e-01 2.53789226163087e-17 1.42558969812219e-18 2.16339447671689e-01 2.90751410159621e-17 -5.22085444648440e-01 -7.55690833649359e-01 -1.06688307665759e+00 -1.46216958432752e+00 5.56360891697024e-19 6.54461637836742e-01 1.04739035998472e-17 5.90027066505712e-19 8.21268825680845e-01 1.31924041964189e-17
 1.59700726569400e+00 2.21221438955277e+00 2.98916771489524e+00 3.93381162034059e+00 0.00000000000000e+00 0.00000000000000e+00 0.00000000000000e+00 0.00000000000000e+00 -8.64955504252825e-19 0.00000000000000e+00 1.25525387777685e+00 1.80552306881884e+00 2.53486433254801e+00 3.45866575522300e+00 -1.18128317952990e-18 -6.16414031521705e-01 -2.78839348317600e-17 -1.60716448837386e-18 -7.88855584222645e-01 -3.50857017231097e-17
 1.80905975467810e+00 2.47671437136418e+00 3.30444620880973e+00 4.29329855996084e+00 0.00000000000000e+00 5.33731410707106e-19 0.00000000000000e+00 5.32674446098578e-18 6.65843057623223e-19 0.00000000000000e+00 1.37085151734242e+00 1.96476841783563e+00 2.74424971484900e+00 3.72009424158598e+00 -1.27200647594578e-18 -7.40086926849405e-01 -2.93940308930845e-17 -1.54072599684153e-18 -9.35179658258167e-01 -3.64134014333267e-17
 1.97051455751546e+00 2.62142781206193e+00 3.39604610445237e+00 4.28896553692628e+00 4.80492533041746e-18 6.00615666302183e-19 0.00000000000000e+00 5.99426248760188e-18 0.00000000000000e+00 0.00000000000000e+00 1.36088189851131e+00 1.93858228814285e+00 2.68221559939677e+00 3.59212736289991e+00 -1.07799146767636e-18 -8.81203059095106e-01 -2.55463229317886e-17 -1.26305098325065e-18 -1.08528881731367e+00 -3.10252543533205e-17
 0.00000000000000e+00 0.00000000000000e+00 0.00000000000000e+00 0.00000000000000e+00 0.00000000000000e+00 0.00000000000000e+00 7.20994829755873e-01 0.00000000000000e+00 0.00000000000000e+00 8.68022800677442e-01 -6.69302390364945e-17 -9.75329881434719e-17 -1.38564825626008e-16 -1.90385537798302e-16 -4.36266966870624e-18 3.49776012453263e-17 4.92525394354162e-01 -5.49411434511475e-18 4.50594504582915e-17 6.29934525611244e-01
 0.00000000000000e+00 0.00000000000000e+00 0.00000000000000e+00 0.00000000000000e+00 7.20994829755873e-01 5.41077424139330e-20 0.00000000000000e+00 8.68022800677442e-01 9.72062426955160e-20 0.00000000000000e+00 -3.12696140305301e-18 -4.57677376603483e-18 -5.42679788334371e-18 -8.46254790620476e-18 4.92525394354162e-01 1.62826005194500e-18 -4.28855097771219e-18 6.29934525611244e-01 1.85777059126485e-18 -5.43488399156769e-18
 -1.05938234249002e-18 -1.40016342068803e-18 -1.85056662359017e-18 -2.44585508930314e-18 8.81949435267927e-20 7.20994829755873e-01 0.00000000000000e+00 1.07514771674198e-19 8.68022800677442e-01 0.00000000000000e+00 3.96011479989454e-01 4.98297601064916e-01 5.85709196378803e-01 6.39533387297740e-01 -5.15081024505531e-19 1.53481871282766e-01 -1.44068897041159e-17 -5.98565948896414e-19 2.59945623859795e-01 -1.55059025205728e-17
 1.20456164860336e+00 1.69401120001055e+00 2.32394226402120e+00 3.10212360724169e+00 -1.19898159141368e-18 2.49452391539735e-01 -2.97647596615193e-17 -1.75135608148200e-18 3.11720790795920e-01 -3.62343371206879e-17 1.16112441175125e+00 1.64232858068880e+00 2.26622782858075e+00 3.04178551357581e+00 -1.18937872080501e-18 -3.27358918275738e-01 -2.82361131520125e-17 -1.46750528211973e-18 -4.11546402020404e-01 -3.47104914648453e-17
 1.24512669246006e+00 1.74209577394202e+00 2.37467551646858e+00 3.14680972403616e+00 -1.30773080321893e-18 3.34237045954114e-01 -2.98863114052101e-17 -1.57664629293117e-18 4.12041593817455e-01 -3.58404531011829e-17 1.24512669246006e+00 1.74209577394202e+00 2.37467551646858e+00 3.14680972403616e+00 -1.30773080321893e-18 -3.34237045954114e-01 -2.98863114052101e-17 -1.57664629293117e-18 -4.12041593817455e-01 -3.58404531011829e-17
 1.06207578070692e+00 1.47420196948450e+00 1.98853833682699e+00 2.60294119693305e+00 -9.84351868635559e-19 4.44995112585664e-01 -2.28698162232592e-17 -1.19963014811612e-18 5.34180150083301e-01 -2.67468334856683e-17 1.18668906477497e+00 1.61373910831978e+00 2.13429824828965e+00 2.74509505862541e+00 -1.20112135659125e-18 -2.67325921388465e-01 -2.64099691451291e-17 -1.23514909924875e-18 -3.14638330191655e-01 -3.00101297631225e-17
 -5.75096001808268e-17 -8.26556826270822e-17 -1.15184181688188e-16 -1.56030065579650e-16 -4.19886892955176e-18 -1.78106981743194e-17 4.72574859486205e-01 -5.12290221142372e-18 -2.24014854083995e-17 5.87947289109790e-01 -6.00601635998127e-17 -8.56048062752690e-17 -1.18476001881439e-16 -1.59589652547845e-16 -4.33627092605970e-18 1.33595761904681e-17 5.02331774223650e-01 -5.38299708713877e-18 1.67109018958872e-17 6.18963460428356e-01
 -2.67521140404208e-18 -3.97563708925416e-18 -4.80890214487409e-18 -7.26433410280253e-18 4.72574859486205e-01 -8.17516535858988e-19 -4.09718241960073e-18 5.87947289109790e-01 -1.09677049024375e-18 -5.09971258454679e-18 -2.86415663500770e-18 -4.15790905068609e-18 -4.83739343910103e-18 -7.01099001383983e-18 5.02331774223650e-01 6.48722584780914e-19 -4.35449523894304e-18 6.18963460428356e-01 6.10827887478211e-19 -5.33403823241628e-18
 -1.12933448253768e+00 -1.52093823485874e+00 -1.98538051542871e+00 -2.51411402000535e+00 1.13087538688276e-18 1.08155882957899e-01 2.91009669339860e-17 1.59888457143160e-18 1.65480092610358e-01 3.29799918484530e-17 -6.85317962886711e-01 -9.87460158258226e-01 -1.38550398822430e+00 -1.88482103648720e+00 7.28019264317434e-19 7.13014245229103e-01 1.34215868821008e-17 5.71547383046805e-19 8.84711070379845e-01 1.67147938365130e-17
 1.61383596006714e+00 2.16681434855176e+00 2.83313542839261e+00 3.60923247306022e+00 -3.12089054957165e-18 -7.80222637392912e-19 0.00000000000000e+00 0.00000000000000e+00 0.00000000000000e+00 0.00000000000000e+00 1.14879471181606e+00 1.63904387468418e+00 2.27362847380712e+00 3.05522199183151e+00 -1.06230039202387e-18 -7.06189299588777e-01 -2.26768808099364e-17 -1.21383541680444e-18 -8.76262341737655e-01 -2.76263000165775e-17
 1.97051455751546e+00 2.62142781206193e+00 3.39604610445237e+00 4.28896553692628e+00 0.00000000000000e+00 6.00615666302183e-19 0.00000000000000e+00 2.99713124380094e-18 0.00000000000000e+00 0.00000000000000e+00 1.36088189851131e+00 1.93858228814285e+00 2.68221559939677e+00 3.59212736289991e+00 -1.10869768700536e-18 -8.81203059095106e-01 -2.55309632350191e-17 -1.26362907181463e-18 -1.08528881731367e+00 -3.10409906528951e-17
 2.49270797825442e+00 3.24221570318509e+00 4.10999280936348e+00 5.08950084994724e+00 0.00000000000000e+00 0.00000000000000e+00 0.00000000000000e+00 0.00000000000000e+00 0.00000000000000e+00 0.00000000000000e+00 1.59667271004963e+00 2.26894858628078e+00 3.12461001089272e+00 4.15761661919884e+00 -1.19011669624490e-18 -1.15062508900222e+00 -2.61907710924158e-17 -1.31425236771483e-18 -1.39537461084183e+00 -3.13965605296217e-17
 0.00000000000000e+00 0.00000000000000e+00 0.00000000000000e+00 0.00000000000000e+00 0.00000000000000e+00 0.00000000000000e+00 6.31506188640484e-01 0.00000000000000e+00 0.00000000000000e+00 7.24780928566481e-01 -5.83984574386495e-17 -8.44372972853390e-17 -1.18230758874127e-16 -1.60726531891401e-16 -3.42889964618788e-18 3.62862092329604e-17 3.90495313807955e-01 -4.17661080981014e-18 4.53110967585437e-17 4.86163219990603e-01
 9.53710602357758e-18 0.00000000000000e+00 -1.66597548259963e-17 -2.20188485020086e-17 6.31506188640484e-01 -2.14212512690540e-19 0.00000000000000e+00 7.24780928566481e-01 1.15975838147096e-20 0.00000000000000e+00 -2.64996536470398e-18 -3.93761552628175e-18 -5.23501900434850e-18 -7.13295068865784e-18 3.90495313807955e-01 1.95590400521342e-18 -3.41787708158482e-18 4.86163219990603e-01 2.16095968824105e-18 -4.24886275039760e-18
 0.00000000000000e+00 0.00000000000000e+00 0.00000000000000e+00 -2.75235606275108e-18 1.66027213483349e-19 6.31506188640484e-01 0.00000000000000e+00 -1.51069284550628e-19 7.24780928566481e-01 0.00000000000000e+00 3.32476705773645e-01 4.08680583832858e-01 4.66237308692647e-01 4.91960463682629e-01 -3.09831641316795e-19 5.93906138782335e-02 -1.08392826735874e-17 -5.03834730507618e-19 1.38398997522209e-01 -1.10966284546711e-17
 1.09872165592246e+00 1.49862993382438e+00 1.98911036384784e+00 2.56814825127358e+00 -1.13086581133378e-18 1.90493655855859e-01 -2.51825317132802e-17 -1.26813734627914e-18 2.26057325349179e-01 -2.89847580603193e-17 9.48493422143319e-01 1.32817816960077e+00 1.80851061799243e+00 2.38945057170837e+00 -8.51745122651615e-19 -4.16319171527992e-01 -2.06462623922666e-17 -1.14753699010802e-18 -5.06940824170563e-01 -2.46795398047717e-17
 1.18668906477497e+00 1.61373910831978e+00 2.13429824828965e+00 2.74509505862541e+00 -1.20112135659125e-18 2.67325921388465e-01 -2.64099691451291e-17 -1.23514909924875e-18 3.14638330191655e-01 -3.00101297631225e-17 1.06207578070692e+00 1.47420196948450e+00 1.98853833682699e+00 2.60294119693305e+00 -9.84351868635559e-19 -4.44995112585664e-01 -2.28698162232592e-17 -1.19963014811612e-18 -5.34180150083301e-01 -2.67468334856683e-17
 1.07968498064803e+00 1.46327776768605e+00 1.92632003060193e+00 2.46403869608260e+00 -9.39210175119199e-19 3.87226169022486e-01 -2.18522058773775e-17 -1.03160380694185e-18 4.48667298289551e-01 -2.45054786729410e-17 1.07968498064803e+00 1.46327776768605e+00 1.92632003060193e+00 2.46403869608260e+00 -9.39210175119199e-19 -3.87226169022486e-01 -2.18522058773775e-17 -1.03160380694185e-18 -4.48667298289551e-01 -2.45054786729410e-17
 -4.65148351552590e-17 -6.48883017931262e-17 -8.79230964092370e-17 -1.16120590019316e-16 -3.17083698531518e-18 -1.27616617458773e-17 3.66202593012284e-01 -3.69101908010250e-18 -1.54198648404144e-17 4.33853164794848e-01 -4.45452780063903e-17 -6.26633478220742e-17 -8.55393730135507e-17 -1.13682437145330e-16 -2.97722511589633e-18 1.58933945172241e-17 3.44546972828066e-01 -3.50769916692916e-18 1.93757730555841e-17 4.12405805186850e-01
 -2.13642863289259e-18 -3.08624418643539e-18 -4.38970075049141e-18 -5.76279111317618e-18 3.66202593012284e-01 -6.14583657142370e-19 -3.13450013836628e-18 4.33853164794848e-01 -6.82086134069935e-19 -3.66696649779295e-18 -1.88693554217173e-18 -2.94018424564717e-18 -3.98910293756104e-18 -5.06634961562778e-18 3.44546972828066e-01 6.36590170379813e-19 -2.97527871692965e-18 4.12405805186850e-01 6.84164738240818e-19 -3.49692694559086e-18
 -1.36563645164905e+00 -1.80857813280873e+00 -2.32605444691384e+00 -2.91112377749067e+00 1.36357122535533e-18 1.15700494537155e-02 3.07079778976426e-17 1.36441381414561e-18 3.41167174407022e-02 3.38309519534066e-17 -8.79428030236234e-01 -1.25514927318290e+00 -1.73866510349781e+00 -2.32982637592476e+00 6.88141912745425e-19 7.25948252534332e-01 1.59003415999759e-17 6.54681625707601e-19 8.81643005943947e-01 1.93975397811493e-17
 0.00000000000000e+00 0.00000000000000e+00 0.00000000000000e+00 0.00000000000000e+00 0.00000000000000e+00 0.00000000000000e+00 6.83301046984953e-01 0.00000000000000e+00 0.00000000000000e+00 8.39561658718002e-01 -6.42676529198708e-17 -9.37213635151207e-17 -1.33270577564922e-16 -1.84874068177183e-16 -4.30972092618576e-18 3.07582322182533e-17 4.85085464468899e-01 -5.51789825133219e-18 4.01295319693936e-17 6.28342667869289e-01
 0.00000000000000e+00 0.00000000000000e+00 0.00000000000000e+00 0.00000000000000e+00 0.00000000000000e+00 0.00000000000000e+00 7.20994829755873e-01 0.00000000000000e+00 0.00000000000000e+00 8.68022800677442e-01 -6.68898298381602e-17 -9.76737688111995e-17 -1.38433571104705e-16 -1.90201439021696e-16 -4.34697565754862e-18 3.48792047810264e-17 4.92525394354162e-01 -5.45916252075023e-18 4.51154788154272e-17 6.29934525611244e-01
 0.00000000000000e+00 0.00000000000000e+00 0.00000000000000e+00 0.00000000000000e+00 0.00000000000000e+00 0.00000000000000e+00 6.31506188640484e-01 0.00000000000000e+00 0.00000000000000e+00 7.24780928566481e-01 -5.83828158083966e-17 -8.44216849361752e-17 -1.18124460341962e-16 -1.60844088481124e-16 -3.43316792439761e-18 3.63444483858424e-17 3.90495313807955e-01 -4.18970884532250e-18 4.52843873580500e-17 4.86163219990603e-01
 1.45056226389510e+00 2.06654712289331e+00 2.86541366249636e+00 3.85422804133114e+00 -1.83266370797165e-19 2.59605131016944e-19 0.00000000000000e+00 9.60403160798030e-20 -1.42267181582560e-19 0.00000000000000e+00 1.16354845931235e+00 1.70571417478448e+00 2.44272803119034e+00 3.39506959331631e+00 -5.64516672840032e-18 -5.83778917667724e-01 -6.12029646584851e-17 -7.29485642361955e-18 -7.67558208455999e-01 -7.98193475719361e-17
 0.00000000000000e+00 0.00000000000000e+00 0.00000000000000e+00 0.00000000000000e+00 0.00000000000000e+00 0.00000000000000e+00 -1.66345596448130e-20 0.00000000000000e+00 0.00000000000000e+00 1.22129932953738e-19 -1.02199869088367e-17 -1.50294434563176e-17 -2.19618345409658e-17 -3.02323482194810e-17 -1.16589150764461e-18 5.16782033960072e-18 -5.66386333151380e-18 -1.46559927288630e-18 6.68799825329716e-18 -7.17713441411114e-18
 0.00000000000000e+00 0.00000000000000e+00 0.00000000000000e+00 0.00000000000000e+00 0.00000000000000e+00 0.00000000000000e+00 3.99912703143226e-19 0.00000000000000e+00 0.00000000000000e+00 -3.13360936325267e-19 -1.53543676430168e-17 -2.03681360451281e-17 -2.45749385592250e-17 -2.72972935926288e-17 -1.85055329978520e-18 -6.69978892961233e-18 2.07168666253670e-01 -1.98882325672797e-18 -1.14800552275859e-17 2.29006070583389e-01
 -6.10582689067060e-17 -8.71589564991713e-17 -1.21687094433476e-16 -1.65871426392949e-16 -4.51480270183205e-18 -1.04613483730446e-17 5.20386218698353e-01 -5.57399424727812e-18 -1.31789351826400e-17 6.50278103151014e-01 -5.71419648666167e-17 -8.24207498999120e-17 -1.16210878241770e-16 -1.59463956476034e-16 -4.13601634163737e-18 1.81064578616778e-17 4.69482430537621e-01 -5.17809380200309e-18 2.33040311384698e-17 5.96026094885156e-01
 -6.00601635998127e-17 -8.56048062752690e-17 -1.18476001881439e-16 -1.59589652547845e-16 -4.33627092605970e-18 -1.33595761904681e-17 5.02331774223650e-01 -5.38299708713877e-18 -1.67109018958872e-17 6.18963460428356e-01 -5.75096001808268e-17 -8.26556826270822e-17 -1.15184181688188e-16 -1.56030065579650e-16 -4.19886892955176e-18 1.78106981743194e-17 4.72574859486205e-01 -5.12290221142372e-18 2.24014854083995e-17 5.87947289109790e-01
 -4.45452780063903e-17 -6.26633478220742e-17 -8.55393730135507e-17 -1.13682437145330e-16 -2.97722511589633e-18 -1.58933945172241e-17 3.44546972828066e-01 -3.50769916692916e-18 -1.93757730555841e-17 4.12405805186850e-01 -4.65148351552590e-17 -6.48883017931262e-17 -8.79230964092370e-17 -1.16120590019316e-16 -3.17083698531518e-18 1.27616617458773e-17 3.66202593012284e-01 -3.69101908010250e-18 1.54198648404144e-17 4.33853164794848e-01
 9.80361372047591e-01 1.41711523329699e+00 1.99668072975716e+00 2.72903771005399e+00 -5.36158290059975e-18 2.54081276336114e-01 -5.82164071910607e-17 -6.77681178730844e-18 3.26459775621938e-01 -7.35529200483101e-17 9.80361372047591e-01 1.41711523329699e+00 1.99668072975716e+00 2.72903771005399e+00 -5.36158290059975e-18 -2.54081276336114e-01 -5.82164071910607e-17 -6.77681178730844e-18 -3.26459775621938e-01 -7.35529200483101e-17
 -8.42632017677089e-18 -1.23692553330319e-17 -1.72479217082499e-17 -2.36572291872157e-17 -1.13162788890255e-18 -2.24017021484978e-18 -5.43220162919613e-18 -1.40947624322078e-18 -2.90675851100480e-18 -6.71258249434511e-18 -8.63975690771769e-18 -1.24969190637528e-17 -1.72258652364796e-17 -2.37529295097046e-17 -1.13932814256771e-18 2.24117140948867e-18 -5.51838248663216e-18 -1.38865094202531e-18 2.84798343654120e-18 -6.88007613478582e-18
 5.54528352856606e-17 7.63508082962664e-17 1.03365454021136e-16 1.34443697427303e-16 4.29104117650163e-18 -4.36574498985239e-18 -4.96020398055980e-01 5.02970453000931e-18 -6.82497499582561e-18 -5.82830599373478e-01 3.73273328342685e-17 5.45164449492783e-17 7.74748235614788e-17 1.06578650493830e-16 2.30243837476872e-18 -3.15116877753379e-17 -2.54081276336114e-01 2.93720253537418e-18 -4.00863642434726e-17 -3.26459775621938e-01
 0.00000000000000e+00 0.00000000000000e+00 0.00000000000000e+00 1.27090358478719e-17 6.83301046984953e-01 -2.59419321099210e-19 0.00000000000000e+00 8.39561658718002e-01 -2.35335981155925e-19 0.00000000000000e+00 -2.93727453915075e-18 -4.58858256925219e-18 -5.98905174492482e-18 -7.95325723437109e-18 4.85085464468899e-01 1.38210480021331e-18 -4.19909478194040e-18 6.28342667869289e-01 1.57928105767229e-18 -5.46187637844077e-18
 0.00000000000000e+00 0.00000000000000e+00 0.00000000000000e+00 -1.95668407144251e-17 7.20994829755873e-01 -1.06081488466554e-19 0.00000000000000e+00 8.68022800677442e-01 3.21191785998690e-19 0.00000000000000e+00 -2.84976836593558e-18 -4.57523216230827e-18 -5.97270988397625e-18 -8.25767311404972e-18 4.92525394354162e-01 1.45323822781673e-18 -4.28289992197838e-18 6.29934525611244e-01 1.83178157947613e-18 -5.42703857199051e-18
 0.00000000000000e+00 0.00000000000000e+00 -1.66597548259963e-17 0.00000000000000e+00 6.31506188640484e-01 8.77011887239866e-20 0.00000000000000e+00 7.24780928566481e-01 -1.19242391578859e-19 0.00000000000000e+00 -2.51853440068746e-18 -3.78278354707038e-18 -5.70982434447850e-18 -7.05690480960664e-18 3.90495313807955e-01 1.92120544450101e-18 -3.43981533252662e-18 4.86163219990603e-01 2.05165711458252e-18 -4.25998979216448e-18
 0.00000000000000e+00 0.00000000000000e+00 0.00000000000000e+00 0.00000000000000e+00 0.00000000000000e+00 0.00000000000000e+00 1.95998714343268e-19 0.00000000000000e+00 0.00000000000000e+00 3.75195352751433e-19 -1.02232764058762e-17 -1.50185671213280e-17 -2.16930219668239e-17 -3.04951085148698e-17 -1.18263208509720e-18 5.19643265335554e-18 -5.66078340186946e-18 -1.34334999741284e-18 6.80613583314248e-18 -7.10240494173442e-18
 1.45056226389510e+00 2.06654712289331e+00 2.86541366249636e+00 3.85422804133115e+00 -8.36699167010180e-18 5.76683433639599e-20 0.00000000000000e+00 2.08760556525906e-17 5.88785499122006e-19 0.00000000000000e+00 1.16354845931235e+00 1.70571417478448e+00 2.44272803119034e+00 3.39506959331631e+00 3.14658908038837e-18 -5.83778917667724e-01 -1.21002845725939e-18 4.06560984114689e-18 -7.67558208455999e-01 -1.49236158846096e-18
 -1.34745864530459e-19 -1.89345906622152e-19 3.74895554098446e-20 4.96758290147203e-19 1.29346539034371e-19 0.00000000000000e+00 0.00000000000000e+00 3.18613652114695e-19 0.00000000000000e+00 0.00000000000000e+00 -6.45816959640001e-19 -5.83131881052407e-19 -1.20736486886968e-18 -1.15356643928542e-18 2.07168666253670e-01 -3.90875164346438e-19 -1.76575138762246e-18 2.29006070583389e-01 -6.60948167762058e-19 -1.94432657982737e-18
 -2.88170971847646e-18 -3.88421458914700e-18 -5.55286813313680e-18 -7.77906000966439e-18 5.20386218698353e-01 -4.91804524304992e-19 -4.45021135461309e-18 6.50278103151014e-01 -5.44420133422194e-19 -5.54637472776421e-18 -2.55778117885416e-18 -3.88738292729940e-18 -5.20407001857448e-18 -7.81382779344388e-18 4.69482430537621e-01 8.23089920887406e-19 -4.09068734353664e-18 5.96026094885156e-01 9.07299663721694e-19 -5.08740073640938e-18
 -2.86415663500770e-18 -4.15790905068609e-18 -4.83739343910103e-18 -7.01099001383983e-18 5.02331774223650e-01 -6.48722584780914e-19 -4.35449523894304e-18 6.18963460428356e-01 -6.10827887478211e-19 -5.33403823241628e-18 -2.67521140404208e-18 -3.97563708925416e-18 -4.80890214487409e-18 -7.26433410280253e-18 4.72574859486205e-01 8.17516535858988e-19 -4.09718241960073e-18 5.87947289109790e-01 1.09677049024375e-18 -5.09971258454679e-18
 -1.88693554217173e-18 -2.94018424564717e-18 -3.98910293756104e-18 -5.06634961562778e-18 3.44546972828066e-01 -6.36590170379813e-19 -2.97527871692965e-18 4.12405805186850e-01 -6.84164738240818e-19 -3.49692694559086e-18 -2.13642863289259e-18 -3.08624418643539e-18 -4.38970075049141e-18 -5.76279111317618e-18 3.66202593012284e-01 6.14583657142370e-19 -3.13450013836628e-18 4.33853164794848e-01 6.82086134069935e-19 -3.66696649779295e-18
 -8.63975690771769e-18 -1.24969190637528e-17 -1.72258652364796e-17 -2.37529295097046e-17 -1.13932814256771e-18 -2.24117140948867e-18 -5.51838248663216e-18 -1.38865094202531e-18 -2.84798343654120e-18 -6.88007613478582e-18 -8.42632017677089e-18 -1.23692553330319e-17 -1.72479217082499e-17 -2.36572291872157e-17 -1.13162788890255e-18 2.24017021484978e-18 -5.43220162919613e-18 -1.40947624322078e-18 2.90675851100480e-18 -6.71258249434511e-18
 9.80361372047591e-01 1.41711523329699e+00 1.99668072975716e+00 2.72903771005399e+00 2.94342238843641e-18 2.54081276336114e-01 -1.08584497390660e-18 3.50737614890321e-18 3.26459775621938e-01 -1.36123856567355e-18 9.80361372047591e-01 1.41711523329699e+00 1.99668072975716e+00 2.72903771005399e+00 2.94342238843641e-18 -2.54081276336114e-01 -1.08584497390660e-18 3.50737614890321e-18 -3.26459775621938e-01 -1.36123856567355e-18
 2.14602061680263e-18 3.70398494157739e-18 4.29432016625434e-18 6.13335873486934e-18 -4.96020398055980e-01 -1.42951930153200e-19 4.26349210022150e-18 -5.82830599373478e-01 -4.02003548495604e-19 4.97033609471332e-18 1.80672652908087e-18 2.58206317329265e-18 3.49286678697432e-18 4.79319288634143e-18 -2.54081276336114e-01 -1.51073472946545e-18 2.29839471229572e-18 -3.26459775621938e-01 -1.85902664883188e-18 2.87129124652856e-18
 0.00000000000000e+00 0.00000000000000e+00 0.00000000000000e+00 0.00000000000000e+00 3.08389620320845e-20 6.83301046984953e-01 0.00000000000000e+00 -3.67229345311129e-19 8.39561658718002e-01 0.00000000000000e+00 3.79572310518694e-01 4.83040996577852e-01 5.75944394173425e-01 6.39284563992698e-01 -5.85518758248604e-19 1.82398015347299e-01 -1.43821913075427e-17 -7.85583739616890e-19 2.92156872302990e-01 -1.57163411001546e-17
 -1.05938234249002e-18 -2.80032684137606e-18 0.00000000000000e+00 -2.44585508930314e-18 -5.64663482599620e-21 7.20994829755873e-01 0.00000000000000e+00 7.02539617329712e-20 8.68022800677442e-01 0.00000000000000e+00 3.96011479989454e-01 4.98297601064916e-01 5.85709196378803e-01 6.39533387297740e-01 -5.30809162439995e-19 1.53481871282766e-01 -1.43961822566551e-17 -4.88099449383343e-19 2.59945623859795e-01 -1.55116838626071e-17
 1.19213825294720e-18 1.57562412287924e-18 -2.08246935324953e-18 0.00000000000000e+00 -9.07301931085575e-20 6.31506188640484e-01 0.00000000000000e+00 -7.34843527627095e-20 7.24780928566481e-01 0.00000000000000e+00 3.32476705773645e-01 4.08680583832858e-01 4.66237308692647e-01 4.91960463682629e-01 -2.98745961442133e-19 5.93906138782335e-02 -1.08224419652731e-17 -4.75054506241459e-19 1.38398997522209e-01 -1.11421466147096e-17
 0.00000000000000e+00 0.00000000000000e+00 0.00000000000000e+00 0.00000000000000e+00 0.00000000000000e+00 0.00000000000000e+00 2.90181000707749e-19 0.00000000000000e+00 0.00000000000000e+00 -5.26211350189606e-19 -1.53952651603039e-17 -2.01958250014052e-17 -2.42780214170946e-17 -2.73425653552161e-17 -1.84902456181755e-18 -6.76516403142006e-18 2.07168666253670e-01 -1.97382986704166e-18 -1.14903232727279e-17 2.29006070583389e-01
 1.35393253728936e-19 -1.29255367945341e-19 8.22337908017567e-20 7.81131493153696e-19 3.64812743293038e-19 0.00000000000000e+00 0.00000000000000e+00 3.52575229278862e-19 0.00000000000000e+00 0.00000000000000e+00 -4.94717353884215e-19 -6.86500267438889e-19 -8.63978433120345e-19 -1.77227129261326e-18 2.07168666253670e-01 -3.12214885123106e-19 -1.79184366507838e-18 2.29006070583389e-01 -6.72692586578444e-19 -1.92188871742824e-18
 1.45056226389510e+00 2.06654712289331e+00 2.86541366249636e+00 3.85422804133115e+00 0.00000000000000e+00 0.00000000000000e+00 0.00000000000000e+00 2.60950695657382e-18 0.00000000000000e+00 0.00000000000000e+00 1.39424033600336e+00 1.96042383509588e+00 2.69823810819925e+00 3.62736133202698e+00 -1.21933269881810e-18 -3.66536462939120e-01 -2.92970835102247e-17 -1.65766418025718e-18 -4.98534885351691e-01 -3.49101465022338e-17
 5.22085444648440e-01 7.55690833649359e-01 1.06688307665759e+00 1.46216958432752e+00 -5.56360891697024e-19 6.54461637836742e-01 -1.04739035998472e-17 -5.90027066505712e-19 8.21268825680845e-01 -1.31924041964189e-17 9.20446879659760e-01 1.24565921749651e+00 1.63214665098876e+00 2.07106932570593e+00 -1.04985860120446e-18 1.45255936468386e-01 -2.53789226163087e-17 -1.42558969812219e-18 2.16339447671689e-01 -2.90751410159621e-17
 6.85317962886711e-01 9.87460158258226e-01 1.38550398822430e+00 1.88482103648720e+00 -7.28019264317434e-19 7.13014245229103e-01 -1.34215868821008e-17 -5.71547383046805e-19 8.84711070379845e-01 -1.67147938365130e-17 1.12933448253768e+00 1.52093823485874e+00 1.98538051542871e+00 2.51411402000535e+00 -1.13087538688276e-18 1.08155882957899e-01 -2.91009669339860e-17 -1.59888457143160e-18 1.65480092610358e-01 -3.29799918484530e-17
 8.79428030236234e-01 1.25514927318290e+00 1.73866510349781e+00 2.32982637592476e+00 -6.88141912745425e-19 7.25948252534332e-01 -1.59003415999759e-17 -6.54681625707601e-19 8.81643005943947e-01 -1.93975397811493e-17 1.36563645164905e+00 1.80857813280873e+00 2.32605444691384e+00 2.91112377749067e+00 -1.36357122535533e-18 1.15700494537155e-02 -3.07079778976426e-17 -1.36441381414561e-18 3.41167174407022e-02 -3.38309519534066e-17
 -3.73273328342685e-17 -5.45164449492783e-17 -7.74748235614788e-17 -1.06578650493830e-16 -2.30243837476872e-18 -3.15116877753379e-17 2.54081276336114e-01 -2.93720253537418e-18 -4.00863642434726e-17 3.26459775621938e-01 -5.54528352856606e-17 -7.63508082962664e-17 -1.03365454021136e-16 -1.34443697427303e-16 -4.29104117650163e-18 -4.36574498985239e-18 4.96020398055980e-01 -5.02970453000931e-18 -6.82497499582561e-18 5.82830599373478e-01
 -1.80672652908087e-18 -2.58206317329265e-18 -3.49286678697432e-18 -4.79319288634143e-18 2.54081276336114e-01 -1.51073472946545e-18 -2.29839471229572e-18 3.26459775621938e-01 -1.85902664883188e-18 -2.87129124652856e-18 -2.14602061680263e-18 -3.70398494157739e-18 -4.29432016625434e-18 -6.13335873486934e-18 4.96020398055980e-01 -1.42951930153200e-19 -4.26349210022150e-18 5.82830599373478e-01 -4.02003548495604e-19 -4.97033609471332e-18
 2.82967117903005e-01 4.37759357475450e-01 6.65092988695417e-01 9.78976200988360e-01 -1.97710460136791e-19 -2.31281304306874e-01 -4.32442274688900e-18 -5.35746018564614e-19 -2.22173182382535e-01 -6.73992019387678e-18 2.82967117903005e-01 4.37759357475450e-01 6.65092988695417e-01 9.78976200988360e-01 -1.97710460136791e-19 2.31281304306874e-01 -4.32442274688900e-18 -5.35746018564614e-19 2.22173182382535e-01 -6.73992019387678e-18
 1.15625511248070e+00 1.64536822995108e+00 2.28806753889328e+00 3.09911111739263e+00 -1.20142750576428e-18 2.50760108403406e-01 -2.89854533693749e-17 -1.70109012618633e-18 3.20412715440889e-01 -3.60695672952111e-17 1.15625511248070e+00 1.64536822995108e+00 2.28806753889328e+00 3.09911111739263e+00 -1.20142750576428e-18 -2.50760108403406e-01 -2.89854533693749e-17 -1.70109012618633e-18 -3.20412715440889e-01 -3.60695672952111e-17
 1.20456164860336e+00 1.69401120001055e+00 2.32394226402120e+00 3.10212360724169e+00 -1.19898159141368e-18 2.49452391539735e-01 -2.97647596615193e-17 -1.75135608148200e-18 3.11720790795920e-01 -3.62343371206879e-17 1.16112441175125e+00 1.64232858068880e+00 2.26622782858075e+00 3.04178551357581e+00 -1.18937872080501e-18 -3.27358918275738e-01 -2.82361131520125e-17 -1.46750528211973e-18 -4.11546402020404e-01 -3.47104914648453e-17
 1.09872165592246e+00 1.49862993382438e+00 1.98911036384784e+00 2.56814825127358e+00 -1.13086581133378e-18 1.90493655855859e-01 -2.51825317132802e-17 -1.26813734627914e-18 2.26057325349179e-01 -2.89847580603193e-17 9.48493422143319e-01 1.32817816960077e+00 1.80851061799243e+00 2.38945057170837e+00 -8.51745122651615e-19 -4.16319171527992e-01 -2.06462623922666e-17 -1.14753699010802e-18 -5.06940824170563e-01 -2.46795398047717e-17
 -6.10582689067060e-17 -8.71589564991713e-17 -1.21687094433476e-16 -1.65871426392949e-16 -4.51480270183205e-18 -1.04613483730446e-17 5.20386218698353e-01 -5.57399424727812e-18 -1.31789351826400e-17 6.50278103151014e-01 -5.71419648666167e-17 -8.24207498999120e-17 -1.16210878241770e-16 -1.59463956476034e-16 -4.13601634163737e-18 1.81064578616778e-17 4.69482430537621e-01 -5.17809380200309e-18 2.33040311384698e-17 5.96026094885156e-01
 -2.88170971847646e-18 -3.88421458914700e-18 -5.55286813313680e-18 -7.77906000966439e-18 5.20386218698353e-01 -4.91804524304992e-19 -4.45021135461309e-18 6.50278103151014e-01 -5.44420133422194e-19 -5.54637472776421e-18 -2.55778117885416e-18 -3.88738292729940e-18 -5.20407001857448e-18 -7.81382779344388e-18 4.69482430537621e-01 8.23089920887406e-19 -4.09068734353664e-18 5.96026094885156e-01 9.07299663721694e-19 -5.08740073640938e-18
 5.22085444648440e-01 7.55690833649359e-01 1.06688307665759e+00 1.46216958432752e+00 -5.56360891697024e-19 6.54461637836742e-01 -1.04739035998472e-17 -5.90027066505712e-19 8.21268825680845e-01 -1.31924041964189e-17 9.20446879659760e-01 1.24565921749651e+00 1.63214665098876e+00 2.07106932570593e+00 -1.04985860120446e-18 1.45255936468386e-01 -2.53789226163087e-17 -1.42558969812219e-18 2.16339447671689e-01 -2.90751410159621e-17
 1.19986516666134e+00 1.73381138531636e+00 2.45012786958769e+00 3.37068340774460e+00 -1.31770274849672e-18 5.21864164171348e-01 -2.77176462918349e-17 -1.59451737266560e-18 6.78232375451431e-01 -3.52145831015602e-17 1.46880180277940e+00 2.06063496745558e+00 2.82405990911552e+00 3.77203229012954e+00 3.60268702227297e-18 4.50335877784121e-19 0.00000000000000e+00 -4.49444063895675e-18 0.00000000000000e+00 0.00000000000000e+00
 1.25525387777685e+00 1.80552306881884e+00 2.53486433254801e+00 3.45866575522300e+00 -1.11080856973273e-18 6.16414031521706e-01 -2.79239036481478e-17 -1.49145424453609e-18 7.88855584222645e-01 -3.51167351660869e-17 1.59700726569400e+00 2.21221438955277e+00 2.98916771489524e+00 3.93381162034059e+00 0.00000000000000e+00 0.00000000000000e+00 0.00000000000000e+00 3.45982201701130e-18 0.00000000000000e+00 0.00000000000000e+00
 1.14879471181606e+00 1.63904387468418e+00 2.27362847380712e+00 3.05522199183151e+00 -1.09535690716121e-18 7.06189299588778e-01 -2.26658494772427e-17 -1.21831854500373e-18 8.76262341737655e-01 -2.75862174600209e-17 1.61383596006714e+00 2.16681434855176e+00 2.83313542839261e+00 3.60923247306022e+00 3.12089054957165e-18 0.00000000000000e+00 0.00000000000000e+00 0.00000000000000e+00 4.86673461676437e-19 0.00000000000000e+00
 -6.43595463385651e-17 -9.35221007147849e-17 -1.33000890841105e-16 -1.85461592742124e-16 -4.27772080168992e-18 -3.07682237780911e-17 4.85085464468899e-01 -5.52257509712547e-18 -4.00157181497598e-17 6.28342667869289e-01 0.00000000000000e+00 0.00000000000000e+00 0.00000000000000e+00 0.00000000000000e+00 0.00000000000000e+00 0.00000000000000e+00 6.83301046984953e-01 0.00000000000000e+00 0.00000000000000e+00 8.39561658718002e-01
 -2.85750465233661e-18 -4.10979113723676e-18 -6.18190111396245e-18 -7.91872579607255e-18 4.85085464468899e-01 -1.49137742303977e-18 -4.12349777692491e-18 6.28342667869289e-01 -1.55851660026363e-18 -5.37187172593159e-18 0.00000000000000e+00 0.00000000000000e+00 -9.61582624454807e-18 0.00000000000000e+00 6.83301046984953e-01 2.06781114775346e-19 0.00000000000000e+00 8.39561658718002e-01 -2.24747956370275e-19 0.00000000000000e+00
 -3.79572310518694e-01 -4.83040996577852e-01 -5.75944394173425e-01 -6.39284563992698e-01 5.70653482287824e-19 1.82398015347299e-01 1.43403361882166e-17 7.53271701302390e-19 2.92156872302990e-01 1.57173233518263e-17 0.00000000000000e+00 0.00000000000000e+00 0.00000000000000e+00 0.00000000000000e+00 1.20923109591953e-19 6.83301046984953e-01 0.00000000000000e+00 1.18335843255772e-19 8.39561658718002e-01 0.00000000000000e+00
 1.16112441175125e+00 1.64232858068880e+00 2.26622782858075e+00 3.04178551357581e+00 -1.18937872080501e-18 3.27358918275738e-01 -2.82361131520125e-17 -1.46750528211973e-18 4.11546402020404e-01 -3.47104914648453e-17 1.20456164860336e+00 1.69401120001055e+00 2.32394226402120e+00 3.10212360724169e+00 -1.19898159141368e-18 -2.49452391539735e-01 -2.97647596615193e-17 -1.75135608148200e-18 -3.11720790795920e-01 -3.62343371206879e-17
 1.24512669246006e+00 1.74209577394202e+00 2.37467551646858e+00 3.14680972403616e+00 -1.30773080321893e-18 3.34237045954114e-01 -2.98863114052101e-17 -1.57664629293117e-18 4.12041593817455e-01 -3.58404531011829e-17 1.24512669246006e+00 1.74209577394202e+00 2.37467551646858e+00 3.14680972403616e+00 -1.30773080321893e-18 -3.34237045954114e-01 -2.98863114052101e-17 -1.57664629293117e-18 -4.12041593817455e-01 -3.58404531011829e-17
 1.18668906477497e+00 1.61373910831978e+00 2.13429824828965e+00 2.74509505862541e+00 -1.20112135659125e-18 2.67325921388465e-01 -2.64099691451291e-17 -1.23514909924875e-18 3.14638330191655e-01 -3.00101297631225e-17 1.06207578070692e+00 1.47420196948450e+00 1.98853833682699e+00 2.60294119693305e+00 -9.84351868635559e-19 -4.44995112585664e-01 -2.28698162232592e-17 -1.19963014811612e-18 -5.34180150083301e-01 -2.67468334856683e-17
 -6.00601635998127e-17 -8.56048062752690e-17 -1.18476001881439e-16 -1.59589652547845e-16 -4.33627092605970e-18 -1.33595761904681e-17 5.02331774223650e-01 -5.38299708713877e-18 -1.67109018958872e-17 6.18963460428356e-01 -5.75096001808268e-17 -8.26556826270822e-17 -1.15184181688188e-16 -1.56030065579650e-16 -4.19886892955176e-18 1.78106981743194e-17 4.72574859486205e-01 -5.12290221142372e-18 2.24014854083995e-17 5.87947289109790e-01
 -2.86415663500770e-18 -4.15790905068609e-18 -4.83739343910103e-18 -7.01099001383983e-18 5.02331774223650e-01 -6.48722584780914e-19 -4.35449523894304e-18 6.18963460428356e-01 -6.10827887478211e-19 -5.33403823241628e-18 -2.67521140404208e-18 -3.97563708925416e-18 -4.80890214487409e-18 -7.26433410280253e-18 4.72574859486205e-01 8.17516535858988e-19 -4.09718241960073e-18 5.87947289109790e-01 1.09677049024375e-18 -5.09971258454679e-18
 6.85317962886711e-01 9.87460158258226e-01 1.38550398822430e+00 1.88482103648720e+00 -7.28019264317434e-19 7.13014245229103e-01 -1.34215868821008e-17 -5.71547383046805e-19 8.84711070379845e-01 -1.67147938365130e-17 1.12933448253768e+00 1.52093823485874e+00 1.98538051542871e+00 2.51411402000535e+00 -1.13087538688276e-18 1.08155882957899e-01 -2.91009669339860e-17 -1.59888457143160e-18 1.65480092610358e-01 -3.29799918484530e-17
 1.25525387777685e+00 1.80552306881884e+00 2.53486433254801e+00 3.45866575522300e+00 -1.18128317952990e-18 6.16414031521705e-01 -2.78839348317600e-17 -1.60716448837386e-18 7.88855584222645e-01 -3.50857017231097e-17 1.59700726569400e+00 2.21221438955277e+00 2.98916771489524e+00 3.93381162034059e+00 0.00000000000000e+00 0.00000000000000e+00 0.00000000000000e+00 0.00000000000000e+00 -8.64955504252825e-19 0.00000000000000e+00
 1.37085151734242e+00 1.96476841783563e+00 2.74424971484900e+00 3.72009424158598e+00 -1.27200647594578e-18 7.40086926849405e-01 -2.93940308930845e-17 -1.54072599684153e-18 9.35179658258167e-01 -3.64134014333267e-17 1.80905975467810e+00 2.47671437136418e+00 3.30444620880973e+00 4.29329855996084e+00 0.00000000000000e+00 5.33731410707106e-19 0.00000000000000e+00 5.32674446098578e-18 6.65843057623223e-19 0.00000000000000e+00
 1.36088189851131e+00 1.93858228814285e+00 2.68221559939677e+00 3.59212736289991e+00 -1.07799146767636e-18 8.81203059095106e-01 -2.55463229317886e-17 -1.26305098325065e-18 1.08528881731367e+00 -3.10252543533205e-17 1.97051455751546e+00 2.62142781206193e+00 3.39604610445237e+00 4.28896553692628e+00 4.80492533041746e-18 6.00615666302183e-19 0.00000000000000e+00 5.99426248760188e-18 0.00000000000000e+00 0.00000000000000e+00
 -6.69302390364945e-17 -9.75329881434719e-17 -1.38564825626008e-16 -1.90385537798302e-16 -4.36266966870624e-18 -3.49776012453263e-17 4.92525394354162e-01 -5.49411434511475e-18 -4.50594504582915e-17 6.29934525611244e-01 0.00000000000000e+00 0.00000000000000e+00 0.00000000000000e+00 0.00000000000000e+00 0.00000000000000e+00 0.00000000000000e+00 7.20994829755873e-01 0.00000000000000e+00 0.00000000000000e+00 8.68022800677442e-01
 -3.12696140305301e-18 -4.57677376603483e-18 -5.42679788334371e-18 -8.46254790620476e-18 4.92525394354162e-01 -1.62826005194500e-18 -4.28855097771219e-18 6.29934525611244e-01 -1.85777059126485e-18 -5.43488399156769e-18 0.00000000000000e+00 0.00000000000000e+00 0.00000000000000e+00 0.00000000000000e+00 7.20994829755873e-01 5.41077424139330e-20 0.00000000000000e+00 8.68022800677442e-01 9.72062426955160e-20 0.00000000000000e+00
 -3.96011479989454e-01 -4.98297601064916e-01 -5.85709196378803e-01 -6.39533387297740e-01 5.15081024505531e-19 1.53481871282766e-01 1.44068897041159e-17 5.98565948896414e-19 2.59945623859795e-01 1.55059025205728e-17 -1.05938234249002e-18 -1.40016342068803e-18 -1.85056662359017e-18 -2.44585508930314e-18 8.81949435267927e-20 7.20994829755873e-01 0.00000000000000e+00 1.07514771674198e-19 8.68022800677442e-01 0.00000000000000e+00
 9.48493422143319e-01 1.32817816960077e+00 1.80851061799243e+00 2.38945057170837e+00 -8.51745122651615e-19 4.16319171527992e-01 -2.06462623922666e-17 -1.14753699010802e-18 5.06940824170563e-01 -2.46795398047717e-17 1.09872165592246e+00 1.49862993382438e+00 1.98911036384784e+00 2.56814825127358e+00 -1.13086581133378e-18 -1.90493655855859e-01 -2.51825317132802e-17 -1.26813734627914e-18 -2.26057325349179e-01 -2.89847580603193e-17
 1.06207578070692e+00 1.47420196948450e+00 1.98853833682699e+00 2.60294119693305e+00 -9.84351868635559e-19 4.44995112585664e-01 -2.28698162232592e-17 -1.19963014811612e-18 5.34180150083301e-01 -2.67468334856683e-17 1.18668906477497e+00 1.61373910831978e+00 2.13429824828965e+00 2.74509505862541e+00 -1.20112135659125e-18 -2.67325921388465e-01 -2.64099691451291e-17 -1.23514909924875e-18 -3.14638330191655e-01 -3.00101297631225e-17
 1.07968498064803e+00 1.46327776768605e+00 1.92632003060193e+00 2.46403869608260e+00 -9.39210175119199e-19 3.87226169022486e-01 -2.18522058773775e-17 -1.03160380694185e-18 4.48667298289551e-01 -2.45054786729410e-17 1.07968498064803e+00 1.46327776768605e+00 1.92632003060193e+00 2.46403869608260e+00 -9.39210175119199e-19 -3.87226169022486e-01 -2.18522058773775e-17 -1.03160380694185e-18 -4.48667298289551e-01 -2.45054786729410e-17
 -4.45452780063903e-17 -6.26633478220742e-17 -8.55393730135507e-17 -1.13682437145330e-16 -2.97722511589633e-18 -1.58933945172241e-17 3.44546972828066e-01 -3.50769916692916e-18 -1.93757730555841e-17 4.12405805186850e-01 -4.65148351552590e-17 -6.48883017931262e-17 -8.79230964092370e-17 -1.16120590019316e-16 -3.17083698531518e-18 1.27616617458773e-17 3.66202593012284e-01 -3.69101908010250e-18 1.54198648404144e-17 4.33853164794848e-01
 -1.88693554217173e-18 -2.94018424564717e-18 -3.98910293756104e-18 -5.06634961562778e-18 3.44546972828066e-01 -6.36590170379813e-19 -2.97527871692965e-18 4.12405805186850e-01 -6.84164738240818e-19 -3.49692694559086e-18 -2.13642863289259e-18 -3.08624418643539e-18 -4.38970075049141e-18 -5.76279111317618e-18 3.66202593012284e-01 6.14583657142370e-19 -3.13450013836628e-18 4.33853164794848e-01 6.82086134069935e-19 -3.66696649779295e-18
 8.79428030236234e-01 1.25514927318290e+00 1.73866510349781e+00 2.32982637592476e+00 -6.88141912745425e-19 7.25948252534332e-01 -1.59003415999759e-17 -6.54681625707601e-19 8.81643005943947e-01 -1.93975397811493e-17 1.36563645164905e+00 1.80857813280873e+00 2.32605444691384e+00 2.91112377749067e+00 -1.36357122535533e-18 1.15700494537155e-02 -3.07079778976426e-17 -1.36441381414561e-18 3.41167174407022e-02 -3.38309519534066e-17
 1.14879471181606e+00 1.63904387468418e+00 2.27362847380712e+00 3.05522199183151e+00 -1.06230039202387e-18 7.06189299588777e-01 -2.26768808099364e-17 -1.21383541680444e-18 8.76262341737655e-01 -2.76263000165775e-17 1.61383596006714e+00 2.16681434855176e+00 2.83313542839261e+00 3.60923247306022e+00 -3.12089054957165e-18 -7.80222637392912e-19 0.00000000000000e+00 0.00000000000000e+00 0.00000000000000e+00 0.00000000000000e+00
 1.36088189851131e+00 1.93858228814285e+00 2.68221559939677e+00 3.59212736289991e+00 -1.10869768700536e-18 8.81203059095106e-01 -2.55309632350191e-17 -1.26362907181463e-18 1.08528881731367e+00 -3.10409906528951e-17 1.97051455751546e+00 2.62142781206193e+00 3.39604610445237e+00 4.28896553692628e+00 0.00000000000000e+00 6.00615666302183e-19 0.00000000000000e+00 2.99713124380094e-18 0.00000000000000e+00 0.00000000000000e+00
 1.59667271004963e+00 2.26894858628078e+00 3.12461001089272e+00 4.15761661919884e+00 -1.19011669624490e-18 1.15062508900222e+00 -2.61907710924158e-17 -1.31425236771483e-18 1.39537461084183e+00 -3.13965605296217e-17 2.49270797825442e+00 3.24221570318509e+00 4.10999280936348e+00 5.08950084994724e+00 0.00000000000000e+00 0.00000000000000e+00 0.00000000000000e+00 0.00000000000000e+00 0.00000000000000e+00 0.00000000000000e+00
 -5.83984574386495e-17 -8.44372972853390e-17 -1.18230758874127e-16 -1.60726531891401e-16 -3.42889964618788e-18 -3.62862092329604e-17 3.90495313807955e-01 -4.17661080981014e-18 -4.53110967585437e-17 4.86163219990603e-01 0.00000000000000e+00 0.00000000000000e+00 0.00000000000000e+00 0.00000000000000e+00 0.00000000000000e+00 0.00000000000000e+00 6.31506188640484e-01 0.00000000000000e+00 0.00000000000000e+00 7.24780928566481e-01
 -2.64996536470398e-18 -3.93761552628175e-18 -5.23501900434850e-18 -7.13295068865784e-18 3.90495313807955e-01 -1.95590400521342e-18 -3.41787708158482e-18 4.86163219990603e-01 -2.16095968824105e-18 -4.24886275039760e-18 9.53710602357758e-18 0.00000000000000e+00 -1.66597548259963e-17 -2.20188485020086e-17 6.31506188640484e-01 -2.14212512690540e-19 0.00000000000000e+00 7.24780928566481e-01 1.15975838147096e-20 0.00000000000000e+00
 -3.32476705773645e-01 -4.08680583832858e-01 -4.66237308692647e-01 -4.91960463682629e-01 3.09831641316795e-19 5.93906138782335e-02 1.08392826735874e-17 5.03834730507618e-19 1.38398997522209e-01 1.10966284546711e-17 0.00000000000000e+00 0.00000000000000e+00 0.00000000000000e+00 -2.75235606275108e-18 1.66027213483349e-19 6.31506188640484e-01 0.00000000000000e+00 -1.51069284550628e-19 7.24780928566481e-01 0.00000000000000e+00
 -5.71419648666167e-17 -8.24207498999120e-17 -1.16210878241770e-16 -1.59463956476034e-16 -4.13601634163737e-18 -1.81064578616778e-17 4.69482430537621e-01 -5.17809380200309e-18 -2.33040311384698e-17 5.96026094885156e-01 -6.10582689067060e-17 -8.71589564991713e-17 -1.21687094433476e-16 -1.65871426392949e-16 -4.51480270183205e-18 1.04613483730446e-17 5.20386218698353e-01 -5.57399424727812e-18 1.31789351826400e-17 6.50278103151014e-01
 -5.75096001808268e-17 -8.26556826270822e-17 -1.15184181688188e-16 -1.56030065579650e-16 -4.19886892955176e-18 -1.78106981743194e-17 4.72574859486205e-01 -5.12290221142372e-18 -2.24014854083995e-17 5.87947289109790e-01 -6.00601635998127e-17 -8.56048062752690e-17 -1.18476001881439e-16 -1.59589652547845e-16 -4.33627092605970e-18 1.33595761904681e-17 5.02331774223650e-01 -5.38299708713877e-18 1.67109018958872e-17 6.18963460428356e-01
 -4.65148351552590e-17 -6.48883017931262e-17 -8.79230964092370e-17 -1.16120590019316e-16 -3.17083698531518e-18 -1.27616617458773e-17 3.66202593012284e-01 -3.69101908010250e-18 -1.54198648404144e-17 4.33853164794848e-01 -4.45452780063903e-17 -6.26633478220742e-17 -8.55393730135507e-17 -1.13682437145330e-16 -2.97722511589633e-18 1.58933945172241e-17 3.44546972828066e-01 -3.50769916692916e-18 1.93757730555841e-17 4.12405805186850e-01
 9.80361372047591e-01 1.41711523329699e+00 1.99668072975716e+00 2.72903771005399e+00 -5.36158290059975e-18 2.54081276336114e-01 -5.82164071910607e-17 -6.77681178730844e-18 3.26459775621938e-01 -7.35529200483101e-17 9.80361372047591e-01 1.41711523329699e+00 1.99668072975716e+00 2.72903771005399e+00 -5.36158290059975e-18 -2.54081276336114e-01 -5.82164071910607e-17 -6.77681178730844e-18 -3.26459775621938e-01 -7.35529200483101e-17
 -8.63975690771769e-18 -1.24969190637528e-17 -1.72258652364796e-17 -2.37529295097046e-17 -1.13932814256771e-18 -2.24117140948867e-18 -5.51838248663216e-18 -1.38865094202531e-18 -2.84798343654120e-18 -6.88007613478582e-18 -8.42632017677089e-18 -1.23692553330319e-17 -1.72479217082499e-17 -2.36572291872157e-17 -1.13162788890255e-18 2.24017021484978e-18 -5.43220162919613e-18 -1.40947624322078e-18 2.90675851100480e-18 -6.71258249434511e-18
 -3.73273328342685e-17 -5.45164449492783e-17 -7.74748235614788e-17 -1.06578650493830e-16 -2.30243837476872e-18 -3.15116877753379e-17 2.54081276336114e-01 -2.93720253537418e-18 -4.00863642434726e-17 3.26459775621938e-01 -5.54528352856606e-17 -7.63508082962664e-17 -1.03365454021136e-16 -1.34443697427303e-16 -4.29104117650163e-18 -4.36574498985239e-18 4.96020398055980e-01 -5.02970453000931e-18 -6.82497499582561e-18 5.82830599373478e-01
 -6.42676529198708e-17 -9.37213635151207e-17 -1.33270577564922e-16 -1.84874068177183e-16 -4.30972092618576e-18 -3.07582322182533e-17 4.85085464468899e-01 -5.51789825133219e-18 -4.01295319693936e-17 6.28342667869289e-01 0.00000000000000e+00 0.00000000000000e+00 0.00000000000000e+00 0.00000000000000e+00 0.00000000000000e+00 0.00000000000000e+00 6.83301046984953e-01 0.00000000000000e+00 0.00000000000000e+00 8.39561658718002e-01
 -6.68898298381602e-17 -9.76737688111995e-17 -1.38433571104705e-16 -1.90201439021696e-16 -4.34697565754862e-18 -3.48792047810264e-17 4.92525394354162e-01 -5.45916252075023e-18 -4.51154788154272e-17 6.29934525611244e-01 0.00000000000000e+00 0.00000000000000e+00 0.00000000000000e+00 0.00000000000000e+00 0.00000000000000e+00 0.00000000000000e+00 7.20994829755873e-01 0.00000000000000e+00 0.00000000000000e+00 8.68022800677442e-01
 -5.83828158083966e-17 -8.44216849361752e-17 -1.18124460341962e-16 -1.60844088481124e-16 -3.43316792439761e-18 -3.63444483858424e-17 3.90495313807955e-01 -4.18970884532250e-18 -4.52843873580500e-17 4.86163219990603e-01 0.00000000000000e+00 0.00000000000000e+00 0.00000000000000e+00 0.00000000000000e+00 0.00000000000000e+00 0.00000000000000e+00 6.31506188640484e-01 0.00000000000000e+00 0.00000000000000e+00 7.24780928566481e-01
 1.16354845931235e+00 1.70571417478448e+00 2.44272803119034e+00 3.39506959331631e+00 -5.64516672840032e-18 5.83778917667724e-01 -6.12029646584851e-17 -7.29485642361955e-18 7.67558208455999e-01 -7.98193475719361e-17 1.45056226389510e+00 2.06654712289331e+00 2.86541366249636e+00 3.85422804133114e+00 -1.83266370797165e-19 2.59605131016944e-19 0.00000000000000e+00 9.60403160798030e-20 -1.42267181582560e-19 0.00000000000000e+00
 -1.02199869088367e-17 -1.50294434563176e-17 -2.19618345409658e-17 -3.02323482194810e-17 -1.16589150764461e-18 -5.16782033960072e-18 -5.66386333151380e-18 -1.46559927288630e-18 -6.68799825329716e-18 -7.17713441411114e-18 0.00000000000000e+00 0.00000000000000e+00 0.00000000000000e+00 0.00000000000000e+00 0.00000000000000e+00 0.00000000000000e+00 -1.66345596448130e-20 0.00000000000000e+00 0.00000000000000e+00 1.22129932953738e-19
 1.53543676430168e-17 2.03681360451281e-17 2.45749385592250e-17 2.72972935926288e-17 1.85055329978520e-18 -6.69978892961233e-18 -2.07168666253670e-01 1.98882325672797e-18 -1.14800552275859e-17 -2.29006070583389e-01 0.00000000000000e+00 0.00000000000000e+00 0.00000000000000e+00 0.00000000000000e+00 0.00000000000000e+00 0.00000000000000e+00 3.99912703143226e-19 0.00000000000000e+00 0.00000000000000e+00 -3.13360936325267e-19
 -2.55778117885416e-18 -3.88738292729940e-18 -5.20407001857448e-18 -7.81382779344388e-18 4.69482430537621e-01 -8.23089920887406e-19 -4.09068734353664e-18 5.96026094885156e-01 -9.07299663721694e-19 -5.08740073640938e-18 -2.88170971847646e-18 -3.88421458914700e-18 -5.55286813313680e-18 -7.77906000966439e-18 5.20386218698353e-01 4.91804524304992e-19 -4.45021135461309e-18 6.50278103151014e-01 5.44420133422194e-19 -5.54637472776421e-18
 -2.67521140404208e-18 -3.97563708925416e-18 -4.80890214487409e-18 -7.26433410280253e-18 4.72574859486205e-01 -8.17516535858988e-19 -4.09718241960073e-18 5.87947289109790e-01 -1.09677049024375e-18 -5.09971258454679e-18 -2.86415663500770e-18 -4.15790905068609e-18 -4.83739343910103e-18 -7.01099001383983e-18 5.02331774223650e-01 6.48722584780914e-19 -4.35449523894304e-18 6.18963460428356e-01 6.10827887478211e-19 -5.33403823241628e-18
 -2.13642863289259e-18 -3.08624418643539e-18 -4.38970075049141e-18 -5.76279111317618e-18 3.66202593012284e-01 -6.14583657142370e-19 -3.13450013836628e-18 4.33853164794848e-01 -6.82086134069935e-19 -3.66696649779295e-18 -1.88693554217173e-18 -2.94018424564717e-18 -3.98910293756104e-18 -5.06634961562778e-18 3.44546972828066e-01 6.36590170379813e-19 -2.97527871692965e-18 4.12405805186850e-01 6.84164738240818e-19 -3.49692694559086e-18
 -8.42632017677089e-18 -1.23692553330319e-17 -1.72479217082499e-17 -2.36572291872157e-17 -1.13162788890255e-18 -2.24017021484978e-18 -5.43220162919613e-18 -1.40947624322078e-18 -2.90675851100480e-18 -6.71258249434511e-18 -8.63975690771769e-18 -1.24969190637528e-17 -1.72258652364796e-17 -2.37529295097046e-17 -1.13932814256771e-18 2.24117140948867e-18 -5.51838248663216e-18 -1.38865094202531e-18 2.84798343654120e-18 -6.88007613478582e-18
 9.80361372047591e-01 1.41711523329699e+00 1.99668072975716e+00 2.72903771005399e+00 2.94342238843641e-18 2.54081276336114e-01 -1.08584497390660e-18 3.50737614890321e-18 3.26459775621938e-01 -1.36123856567355e-18 9.80361372047591e-01 1.41711523329699e+00 1.99668072975716e+00 2.72903771005399e+00 2.94342238843641e-18 -2.54081276336114e-01 -1.08584497390660e-18 3.50737614890321e-18 -3.26459775621938e-01 -1.36123856567355e-18
 -1.80672652908087e-18 -2.58206317329265e-18 -3.49286678697432e-18 -4.79319288634143e-18 2.54081276336114e-01 -1.51073472946545e-18 -2.29839471229572e-18 3.26459775621938e-01 -1.85902664883188e-18 -2.87129124652856e-18 -2.14602061680263e-18 -3.70398494157739e-18 -4.29432016625434e-18 -6.13335873486934e-18 4.96020398055980e-01 -1.42951930153200e-19 -4.26349210022150e-18 5.82830599373478e-01 -4.02003548495604e-19 -4.97033609471332e-18
 -2.93727453915075e-18 -4.58858256925219e-18 -5.98905174492482e-18 -7.95325723437109e-18 4.85085464468899e-01 -1.38210480021331e-18 -4.19909478194040e-18 6.28342667869289e-01 -1.57928105767229e-18 -5.46187637844077e-18 0.00000000000000e+00 0.00000000000000e+00 0.00000000000000e+00 1.27090358478719e-17 6.83301046984953e-01 -2.59419321099210e-19 0.00000000000000e+00 8.39561658718002e-01 -2.35335981155925e-19 0.00000000000000e+00
 -2.84976836593558e-18 -4.57523216230827e-18 -5.97270988397625e-18 -8.25767311404972e-18 4.92525394354162e-01 -1.45323822781673e-18 -4.28289992197838e-18 6.29934525611244e-01 -1.83178157947613e-18 -5.42703857199051e-18 0.00000000000000e+00 0.00000000000000e+00 0.00000000000000e+00 -1.95668407144251e-17 7.20994829755873e-01 -1.06081488466554e-19 0.00000000000000e+00 8.68022800677442e-01 3.21191785998690e-19 0.00000000000000e+00
 -2.51853440068746e-18 -3.78278354707038e-18 -5.70982434447850e-18 -7.05690480960664e-18 3.90495313807955e-01 -1.92120544450101e-18 -3.43981533252662e-18 4.86163219990603e-01 -2.05165711458252e-18 -4.25998979216448e-18 0.00000000000000e+00 0.00000000000000e+00 -1.66597548259963e-17 0.00000000000000e+00 6.31506188640484e-01 8.77011887239866e-20 0.00000000000000e+00 7.24780928566481e-01 -1.19242391578859e-19 0.00000000000000e+00
 -1.02232764058762e-17 -1.50185671213280e-17 -2.16930219668239e-17 -3.04951085148698e-17 -1.18263208509720e-18 -5.19643265335554e-18 -5.66078340186946e-18 -1.34334999741284e-18 -6.80613583314248e-18 -7.10240494173442e-18 0.00000000000000e+00 0.00000000000000e+00 0.00000000000000e+00 0.00000000000000e+00 0.00000000000000e+00 0.00000000000000e+00 1.95998714343268e-19 0.00000000000000e+00 0.00000000000000e+00 3.75195352751433e-19
 1.16354845931235e+00 1.70571417478448e+00 2.44272803119034e+00 3.39506959331631e+00 3.14658908038837e-18 5.83778917667724e-01 -1.21002845725939e-18 4.06560984114689e-18 7.67558208455999e-01 -1.49236158846096e-18 1.45056226389510e+00 2.06654712289331e+00 2.86541366249636e+00 3.85422804133115e+00 -8.36699167010180e-18 5.76683433639599e-20 0.00000000000000e+00 2.08760556525906e-17 5.88785499122006e-19 0.00000000000000e+00
 6.45816959640001e-19 5.83131881052407e-19 1.20736486886968e-18 1.15356643928542e-18 -2.07168666253670e-01 -3.90875164346438e-19 1.76575138762246e-18 -2.29006070583389e-01 -6.60948167762058e-19 1.94432657982737e-18 -1.34745864530459e-19 -1.89345906622152e-19 3.74895554098446e-20 4.96758290147203e-19 1.29346539034371e-19 0.00000000000000e+00 0.00000000000000e+00 3.18613652114695e-19 0.00000000000000e+00 0.00000000000000e+00
 -9.20446879659760e-01 -1.24565921749651e+00 -1.63214665098876e+00 -2.07106932570593e+00 1.04985860120446e-18 1.45255936468386e-01 2.53789226163087e-17 1.42558969812219e-18 2.16339447671689e-01 2.90751410159621e-17 -5.22085444648440e-01 -7.55690833649359e-01 -1.06688307665759e+00 -1.46216958432752e+00 5.56360891697024e-19 6.54461637836742e-01 1.04739035998472e-17 5.90027066505712e-19 8.21268825680845e-01 1.31924041964189e-17
 -1.12933448253768e+00 -1.52093823485874e+00 -1.98538051542871e+00 -2.51411402000535e+00 1.13087538688276e-18 1.08155882957899e-01 2.91009669339860e-17 1.59888457143160e-18 1.65480092610358e-01 3.29799918484530e-17 -6.85317962886711e-01 -9.87460158258226e-01 -1.38550398822430e+00 -1.88482103648720e+00 7.28019264317434e-19 7.13014245229103e-01 1.34215868821008e-17 5.71547383046805e-19 8.84711070379845e-01 1.67147938365130e-17
 -1.36563645164905e+00 -1.80857813280873e+00 -2.32605444691384e+00 -2.91112377749067e+00 1.36357122535533e-18 1.15700494537155e-02 3.07079778976426e-17 1.36441381414561e-18 3.41167174407022e-02 3.38309519534066e-17 -8.79428030236234e-01 -1.25514927318290e+00 -1.73866510349781e+00 -2.32982637592476e+00 6.88141912745425e-19 7.25948252534332e-01 1.59003415999759e-17 6.54681625707601e-19 8.81643005943947e-01 1.93975397811493e-17
 5.54528352856606e-17 7.63508082962664e-17 1.03365454021136e-16 1.34443697427303e-16 4.29104117650163e-18 -4.36574498985239e-18 -4.96020398055980e-01 5.02970453000931e-18 -6.82497499582561e-18 -5.82830599373478e-01 3.73273328342685e-17 5.45164449492783e-17 7.74748235614788e-17 1.06578650493830e-16 2.30243837476872e-18 -3.15116877753379e-17 -2.54081276336114e-01 2.93720253537418e-18 -4.00863642434726e-17 -3.26459775621938e-01
 2.14602061680263e-18 3.70398494157739e-18 4.29432016625434e-18 6.13335873486934e-18 -4.96020398055980e-01 -1.42951930153200e-19 4.26349210022150e-18 -5.82830599373478e-01 -4.02003548495604e-19 4.97033609471332e-18 1.80672652908087e-18 2.58206317329265e-18 3.49286678697432e-18 4.79319288634143e-18 -2.54081276336114e-01 -1.51073472946545e-18 2.29839471229572e-18 -3.26459775621938e-01 -1.85902664883188e-18 2.87129124652856e-18
 2.82967117903005e-01 4.37759357475450e-01 6.65092988695417e-01 9.78976200988360e-01 -1.97710460136791e-19 -2.31281304306874e-01 -4.32442274688900e-18 -5.35746018564614e-19 -2.22173182382535e-01 -6.73992019387678e-18 2.82967117903005e-01 4.37759357475450e-01 6.65092988695417e-01 9.78976200988360e-01 -1.97710460136791e-19 2.31281304306874e-01 -4.32442274688900e-18 -5.35746018564614e-19 2.22173182382535e-01 -6.73992019387678e-18
 -3.79572310518694e-01 -4.83040996577852e-01 -5.75944394173425e-01 -6.39284563992698e-01 5.85518758248604e-19 1.82398015347299e-01 1.43821913075427e-17 7.85583739616890e-19 2.92156872302990e-01 1.57163411001546e-17 0.00000000000000e+00 0.00000000000000e+00 0.00000000000000e+00 0.00000000000000e+00 3.08389620320845e-20 6.83301046984953e-01 0.00000000000000e+00 -3.67229345311129e-19 8.39561658718002e-01 0.00000000000000e+00
 -3.96011479989454e-01 -4.98297601064916e-01 -5.85709196378803e-01 -6.39533387297740e-01 5.30809162439995e-19 1.53481871282766e-01 1.43961822566551e-17 4.88099449383343e-19 2.59945623859795e-01 1.55116838626071e-17 -1.05938234249002e-18 -2.80032684137606e-18 0.00000000000000e+00 -2.44585508930314e-18 -5.64663482599620e-21 7.20994829755873e-01 0.00000000000000e+00 7.02539617329712e-20 8.68022800677442e-01 0.00000000000000e+00
 -3.32476705773645e-01 -4.08680583832858e-01 -4.66237308692647e-01 -4.91960463682629e-01 2.98745961442133e-19 5.93906138782335e-02 1.08224419652731e-17 4.75054506241459e-19 1.38398997522209e-01 1.11421466147096e-17 1.19213825294720e-18 1.57562412287924e-18 -2.08246935324953e-18 0.00000000000000e+00 -9.07301931085575e-20 6.31506188640484e-01 0.00000000000000e+00 -7.34843527627095e-20 7.24780928566481e-01 0.00000000000000e+00
 1.53952651603039e-17 2.01958250014052e-17 2.42780214170946e-17 2.73425653552161e-17 1.84902456181755e-18 -6.76516403142006e-18 -2.07168666253670e-01 1.97382986704166e-18 -1.14903232727279e-17 -2.29006070583389e-01 0.00000000000000e+00 0.00000000000000e+00 0.00000000000000e+00 0.00000000000000e+00 0.00000000000000e+00 0.00000000000000e+00 2.90181000707749e-19 0.00000000000000e+00 0.00000000000000e+00 -5.26211350189606e-19
 4.94717353884215e-19 6.86500267438889e-19 8.63978433120345e-19 1.77227129261326e-18 -2.07168666253670e-01 -3.12214885123106e-19 1.79184366507838e-18 -2.29006070583389e-01 -6.72692586578444e-19 1.92188871742824e-18 1.35393253728936e-19 -1.29255367945341e-19 8.22337908017567e-20 7.81131493153696e-19 3.64812743293038e-19 0.00000000000000e+00 0.00000000000000e+00 3.52575229278862e-19 0.00000000000000e+00 0.00000000000000e+00
 1.39424033600336e+00 1.96042383509588e+00 2.69823810819925e+00 3.62736133202698e+00 -1.21933269881810e-18 3.66536462939120e-01 -2.92970835102247e-17 -1.65766418025718e-18 4.98534885351691e-01 -3.49101465022338e-17 1.45056226389510e+00 2.06654712289331e+00 2.86541366249636e+00 3.85422804133115e+00 0.00000000000000e+00 0.00000000000000e+00 0.00000000000000e+00 2.60950695657382e-18 0.00000000000000e+00 0.00000000000000e+00
