pVp:
 -5.71657015133780e-01 -8.36784765329480e-01 -1.50390539506423e+00 0.00000000000000e+00 0.00000000000000e+00 -7.52731035252086e-02 -2.72385303784999e-01 -3.37082277143847e-01 -3.77510036349628e-01 0.00000000000000e+00 0.00000000000000e+00 6.73485509145502e-01
 -8.36784765329480e-01 -1.27781891859715e+00 -2.48422702657620e+00 0.00000000000000e+00 0.00000000000000e+00 -9.82366275530192e-02 -3.37082277143847e-01 -4.25581266473771e-01 -4.80789070687354e-01 0.00000000000000e+00 0.00000000000000e+00 1.00661342134816e+00
 -1.50390539506423e+00 -2.48422702657620e+00 -5.65776352229897e+00 0.00000000000000e+00 0.00000000000000e+00 -1.11147364578946e-01 -3.77510036349628e-01 -4.80789070687354e-01 -4.95446807597329e-01 0.00000000000000e+00 0.00000000000000e+00 1.65822817619440e+00
 0.00000000000000e+00 0.00000000000000e+00 0.00000000000000e+00 -2.55629712191375e+00 0.00000000000000e+00 0.00000000000000e+00 0.00000000000000e+00 0.00000000000000e+00 0.00000000000000e+00 -1.37202771087408e+00 0.00000000000000e+00 0.00000000000000e+00
 0.00000000000000e+00 0.00000000000000e+00 0.00000000000000e+00 0.00000000000000e+00 -2.55629712191375e+00 0.00000000000000e+00 0.00000000000000e+00 0.00000000000000e+00 0.00000000000000e+00 0.00000000000000e+00 -1.37202771087408e+00 0.00000000000000e+00
 -7.52731035252086e-02 -9.82366275530192e-02 -1.11147364578946e-01 0.00000000000000e+00 0.00000000000000e+00 -2.52588777106622e+00 -6.73485509145502e-01 -1.00661342134816e+00 -1.65822817619440e+00 0.00000000000000e+00 0.00000000000000e+00 4.61149927655982e-01
 -2.72385303784999e-01 -3.37082277143847e-01 -3.77510036349628e-01 0.00000000000000e+00 0.00000000000000e+00 -6.73485509145502e-01 -5.71657015133780e-01 -8.36784765329480e-01 -1.50390539506423e+00 0.00000000000000e+00 0.00000000000000e+00 7.52731035252086e-02
 -3.37082277143847e-01 -4.25581266473771e-01 -4.80789070687354e-01 0.00000000000000e+00 0.00000000000000e+00 -1.00661342134816e+00 -8.36784765329480e-01 -1.27781891859715e+00 -2.48422702657620e+00 0.00000000000000e+00 0.00000000000000e+00 9.82366275530190e-02
 -3.77510036349628e-01 -4.80789070687354e-01 -4.95446807597329e-01 0.00000000000000e+00 0.00000000000000e+00 -1.65822817619440e+00 -1.50390539506423e+00 -2.48422702657620e+00 -5.65776352229897e+00 0.00000000000000e+00 0.00000000000000e+00 1.11147364578946e-01
 0.00000000000000e+00 0.00000000000000e+00 0.00000000000000e+00 -1.37202771087408e+00 0.00000000000000e+00 0.00000000000000e+00 0.00000000000000e+00 0.00000000000000e+00 0.00000000000000e+00 -2.55629712191375e+00 0.00000000000000e+00 0.00000000000000e+00
 0.00000000000000e+00 0.00000000000000e+00 0.00000000000000e+00 0.00000000000000e+00 -1.37202771087408e+00 0.00000000000000e+00 0.00000000000000e+00 0.00000000000000e+00 0.00000000000000e+00 0.00000000000000e+00 -2.55629712191375e+00 0.00000000000000e+00
 6.73485509145502e-01 1.00661342134816e+00 1.65822817619440e+00 0.00000000000000e+00 0.00000000000000e+00 4.61149927655982e-01 7.52731035252086e-02 9.82366275530190e-02 1.11147364578946e-01 0.00000000000000e+00 0.00000000000000e+00 -2.52588777106622e+00
