pVp:
 -2.77431935712066e+03 -1.39824967732837e+03 3.84170193216300e+01 8.80967475677332e+01 1.68773330585752e+02 0.00000000000000e+00 2.09217275207228e-02 1.68291504089336e-02 0.00000000000000e+00 3.91029657004181e-02 3.14538888398889e-02 0.00000000000000e+00 -3.65286839023901e-02 -2.93831717817193e-02 0.00000000000000e+00 -3.30707154180794e-03 5.18884616799919e-03 0.00000000000000e+00 -7.53502029835634e-03 -1.53540521601365e-01 -3.16178616647092e-02 4.35126189302530e-01 0.00000000000000e+00 9.26372306258419e-03 1.38217466909475e+00 -1.53526510752815e-01 -3.16039436648662e-02 4.35113050689833e-01 0.00000000000000e+00 1.35192638721032e+00 -2.87191781155577e-01
 -1.39824967732837e+03 -7.73909829281924e+02 2.22838784124254e+01 4.06063291698349e+01 1.03516046165119e+01 0.00000000000000e+00 2.31589228194486e-02 1.86287235565930e-02 0.00000000000000e+00 1.30999786591239e-02 1.05374536989709e-02 0.00000000000000e+00 -1.79178038253397e-01 -1.44128348562044e-01 0.00000000000000e+00 -1.92619852396909e-03 3.02225071179721e-03 0.00000000000000e+00 -4.38876050707895e-03 -2.05728993701554e-01 -6.04832931781690e-02 5.27269263229275e-01 0.00000000000000e+00 1.42028468173825e-02 1.81034756313210e+00 -2.05710660377846e-01 -6.04642033012068e-02 5.27256691906873e-01 0.00000000000000e+00 1.77117786285311e+00 -3.74138484443541e-01
 3.84170193216300e+01 2.22838784124254e+01 -2.54196789902107e+00 -4.02153868759900e+00 -4.69500763300354e-01 0.00000000000000e+00 -3.95136399811829e-02 -3.17825935448938e-02 0.00000000000000e+00 -1.09999447992438e-01 -8.84791313477831e-02 0.00000000000000e+00 -9.91743558823753e-02 -7.97734873636281e-02 0.00000000000000e+00 2.97911469608613e-02 -4.67392809443608e-02 0.00000000000000e+00 6.78778472807648e-02 -6.52840734489536e-01 -7.14650941299365e-01 -5.95617106512493e-01 0.00000000000000e+00 -1.68621294773424e-02 1.70778853966737e+00 -6.52818093037399e-01 -7.14619967074312e-01 -5.95576175320966e-01 0.00000000000000e+00 1.66445503023741e+00 -3.82521477050019e-01
 8.80967475677332e+01 4.06063291698349e+01 -4.02153868759900e+00 -1.06428505233206e+01 -1.64805039094944e+01 0.00000000000000e+00 -3.38448896220674e-02 -2.72232304369306e-02 0.00000000000000e+00 -1.65255848596472e-01 -1.32927112272938e-01 0.00000000000000e+00 -2.74244855890010e-01 -2.20597820947326e-01 0.00000000000000e+00 4.18038907949175e-02 -6.55877927337170e-02 0.00000000000000e+00 9.52483675384196e-02 -6.37338863466123e-01 -6.33504723810134e-01 -2.17166738233368e-01 0.00000000000000e+00 -4.67161648366542e-03 2.92830984954585e+00 -6.37302717769358e-01 -6.33455204437265e-01 -2.17109720522683e-01 0.00000000000000e+00 2.85913503429361e+00 -6.32209540914594e-01
 1.68773330585752e+02 1.03516046165119e+01 -4.69500763300354e-01 -1.64805039094944e+01 -1.04081730193491e+02 0.00000000000000e+00 1.46082186857246e-02 1.17506956923572e-02 0.00000000000000e+00 -6.16791950274482e-02 -4.96137800909852e-02 0.00000000000000e+00 -3.77081272250093e-01 -3.03318940581341e-01 0.00000000000000e+00 8.11162048119079e-03 -1.27270882152534e-02 0.00000000000000e+00 1.84819784530336e-02 -2.92770651148008e-01 -1.42690298054922e-01 5.53941081046915e-01 0.00000000000000e+00 1.83031485194456e-02 2.38706243210165e+00 -2.92745891301162e-01 -1.42661852397662e-01 5.53939750979797e-01 0.00000000000000e+00 2.33533997054762e+00 -4.93743988657521e-01
 0.00000000000000e+00 0.00000000000000e+00 0.00000000000000e+00 0.00000000000000e+00 0.00000000000000e+00 -3.28839785246666e+00 0.00000000000000e+00 0.00000000000000e+00 -6.69202910593724e+00 0.00000000000000e+00 0.00000000000000e+00 -1.12134435889655e+01 0.00000000000000e+00 0.00000000000000e+00 -1.63041731490908e-01 0.00000000000000e+00 0.00000000000000e+00 -1.31146727482252e-01 0.00000000000000e+00 0.00000000000000e+00 0.00000000000000e+00 0.00000000000000e+00 -1.77008372494151e+00 0.00000000000000e+00 0.00000000000000e+00 0.00000000000000e+00 0.00000000000000e+00 0.00000000000000e+00 -1.77002527388967e+00 0.00000000000000e+00 0.00000000000000e+00
 2.09217275207228e-02 2.31589228194486e-02 -3.95136399811829e-02 -3.38448896220674e-02 1.46082186857246e-02 0.00000000000000e+00 -3.27917457486583e+00 -2.02401836147388e-03 0.00000000000000e+00 -6.69135313206295e+00 -1.48340274755674e-04 0.00000000000000e+00 -1.12060463629533e+01 -1.62329726162687e-03 0.00000000000000e+00 -1.37579516137391e-01 8.64850806438878e-02 0.00000000000000e+00 1.48384899160934e-01 -1.09277305397834e-02 -7.67191703614690e-03 2.75654004803474e-03 0.00000000000000e+00 -1.76508692256209e+00 2.44483186430790e-02 -1.28005731989304e+00 -1.64444788837116e+00 -1.86964660827374e+00 0.00000000000000e+00 1.32675647670596e+00 -7.18282826375353e-01
 1.68291504089336e-02 1.86287235565930e-02 -3.17825935448938e-02 -2.72232304369306e-02 1.17506956923572e-02 0.00000000000000e+00 -2.02401836147388e-03 -3.27828529693609e+00 0.00000000000000e+00 -1.48340274755675e-04 -6.69128656993475e+00 0.00000000000000e+00 -1.62329726162687e-03 -1.12053329082981e+01 0.00000000000000e+00 -1.61630076879937e-01 -1.31593374773491e-01 0.00000000000000e+00 3.21639432756955e-03 -1.30813683008727e+00 -1.68192763436418e+00 -1.91480631319470e+00 0.00000000000000e+00 -3.98011410778465e-02 1.47898194846218e+00 2.69717161745338e-01 3.53014790210465e-01 4.13110258378260e-01 0.00000000000000e+00 -6.54034522221238e-01 -1.61276822145376e+00
 0.00000000000000e+00 0.00000000000000e+00 0.00000000000000e+00 0.00000000000000e+00 0.00000000000000e+00 -6.69202910593724e+00 0.00000000000000e+00 0.00000000000000e+00 -1.81894595745140e+01 0.00000000000000e+00 0.00000000000000e+00 -4.08451177141184e+01 0.00000000000000e+00 0.00000000000000e+00 -3.16294182140890e-01 0.00000000000000e+00 0.00000000000000e+00 -2.54420164567367e-01 0.00000000000000e+00 0.00000000000000e+00 0.00000000000000e+00 0.00000000000000e+00 -2.70874116758606e+00 0.00000000000000e+00 0.00000000000000e+00 0.00000000000000e+00 0.00000000000000e+00 0.00000000000000e+00 -2.70861685100687e+00 0.00000000000000e+00 0.00000000000000e+00
 3.91029657004181e-02 1.30999786591239e-02 -1.09999447992438e-01 -1.65255848596472e-01 -6.16791950274482e-02 0.00000000000000e+00 -6.69135313206295e+00 -1.48340274755675e-04 0.00000000000000e+00 -1.82444608571142e+01 1.20698531157080e-02 0.00000000000000e+00 -4.09060388440614e+01 1.33689444189828e-02 0.00000000000000e+00 -2.43415886668955e-01 1.95694087925795e-01 0.00000000000000e+00 3.41366956129913e-01 -2.84767115658266e-02 -2.58853032519942e-02 -6.50665935242223e-03 0.00000000000000e+00 -2.70552322967192e+00 7.32807663684011e-02 -1.90287246610912e+00 -2.51142707457616e+00 -2.83256809285910e+00 0.00000000000000e+00 3.84955979789995e+00 -1.48057864188317e+00
 3.14538888398889e-02 1.05374536989709e-02 -8.84791313477831e-02 -1.32927112272938e-01 -4.96137800909852e-02 0.00000000000000e+00 -1.48340274755674e-04 -6.69128656993475e+00 0.00000000000000e+00 1.20698531157080e-02 -1.82497576830006e+01 0.00000000000000e+00 1.33689444189828e-02 -4.09119083366625e+01 0.00000000000000e+00 -3.18709035242475e-01 -3.27715759192739e-01 0.00000000000000e+00 -5.50213894920526e-03 -1.94195568736047e+00 -2.56559731664860e+00 -2.89871078882477e+00 0.00000000000000e+00 -4.21150654779410e-02 4.15840438132539e+00 3.88425638940736e-01 5.24624229314611e-01 6.14937136623409e-01 0.00000000000000e+00 -1.36518483403883e+00 -2.39657079777450e+00
 0.00000000000000e+00 0.00000000000000e+00 0.00000000000000e+00 0.00000000000000e+00 0.00000000000000e+00 -1.12134435889655e+01 0.00000000000000e+00 0.00000000000000e+00 -4.08451177141184e+01 0.00000000000000e+00 0.00000000000000e+00 -1.35218140465894e+02 0.00000000000000e+00 0.00000000000000e+00 -3.17817938917848e-01 0.00000000000000e+00 0.00000000000000e+00 -2.55647412800044e-01 0.00000000000000e+00 0.00000000000000e+00 0.00000000000000e+00 0.00000000000000e+00 -2.70207374366780e+00 0.00000000000000e+00 0.00000000000000e+00 0.00000000000000e+00 0.00000000000000e+00 0.00000000000000e+00 -2.70191952315463e+00 0.00000000000000e+00 0.00000000000000e+00
 -3.65286839023901e-02 -1.79178038253397e-01 -9.91743558823753e-02 -2.74244855890010e-01 -3.77081272250093e-01 0.00000000000000e+00 -1.12060463629533e+01 -1.62329726162687e-03 0.00000000000000e+00 -4.09060388440614e+01 1.33689444189828e-02 0.00000000000000e+00 -1.35369472455177e+02 3.32093143287053e-02 0.00000000000000e+00 -2.41308571982844e-01 2.00537858061915e-01 0.00000000000000e+00 3.50488371125506e-01 -2.54826142673973e-02 -2.53218757256310e-02 -9.74607647889336e-03 0.00000000000000e+00 -2.69329419172372e+00 8.10907326081354e-02 -1.83680754797986e+00 -2.33788288456060e+00 -2.08828675599207e+00 0.00000000000000e+00 5.38776195942433e+00 -1.78341918802988e+00
 -2.93831717817193e-02 -1.44128348562044e-01 -7.97734873636281e-02 -2.20597820947326e-01 -3.03318940581341e-01 0.00000000000000e+00 -1.62329726162687e-03 -1.12053329082981e+01 0.00000000000000e+00 1.33689444189828e-02 -4.09119083366625e+01 0.00000000000000e+00 3.32093143287053e-02 -1.35384055817654e+02 0.00000000000000e+00 -3.20964551039080e-01 -3.39419864074337e-01 0.00000000000000e+00 -7.16942040860058e-03 -1.87499156948095e+00 -2.38807091798076e+00 -2.13602692795516e+00 0.00000000000000e+00 -1.00919288575663e-02 5.76149510930129e+00 3.76992740901674e-01 4.87116927057261e-01 4.48290466200807e-01 0.00000000000000e+00 -1.69223782888399e+00 -2.31956876556433e+00
 0.00000000000000e+00 0.00000000000000e+00 0.00000000000000e+00 0.00000000000000e+00 0.00000000000000e+00 -1.63041731490908e-01 0.00000000000000e+00 0.00000000000000e+00 -3.16294182140890e-01 0.00000000000000e+00 0.00000000000000e+00 -3.17817938917848e-01 0.00000000000000e+00 0.00000000000000e+00 -3.42685950684333e+01 0.00000000000000e+00 0.00000000000000e+00 5.06024681861295e-02 0.00000000000000e+00 0.00000000000000e+00 0.00000000000000e+00 0.00000000000000e+00 -5.80417832302998e-02 0.00000000000000e+00 0.00000000000000e+00 0.00000000000000e+00 0.00000000000000e+00 0.00000000000000e+00 -3.84912358893758e+00 0.00000000000000e+00 0.00000000000000e+00
 -3.30707154180794e-03 -1.92619852396909e-03 2.97911469608613e-02 4.18038907949175e-02 8.11162048119079e-03 0.00000000000000e+00 -1.37579516137391e-01 -1.61630076879937e-01 0.00000000000000e+00 -2.43415886668955e-01 -3.18709035242475e-01 0.00000000000000e+00 -2.41308571982844e-01 -3.20964551039080e-01 0.00000000000000e+00 -3.45209052219838e+01 2.98096478867444e-02 0.00000000000000e+00 -4.94634041367937e-02 -3.53100696690443e-02 -4.32353014825168e-02 -3.44990334023996e-02 0.00000000000000e+00 -3.95685527750805e+00 6.27479669315226e-02 5.50999297229775e-01 8.76334384090702e-01 1.48808556203758e+00 0.00000000000000e+00 -1.69068520800926e+00 -3.32023813874455e+00
 5.18884616799919e-03 3.02225071179721e-03 -4.67392809443608e-02 -6.55877927337170e-02 -1.27270882152534e-02 0.00000000000000e+00 8.64850806438878e-02 -1.31593374773491e-01 0.00000000000000e+00 1.95694087925795e-01 -3.27715759192739e-01 0.00000000000000e+00 2.00537858061915e-01 -3.39419864074337e-01 0.00000000000000e+00 2.98096478867444e-02 -3.44474348879345e+01 0.00000000000000e+00 -1.31777745780398e-01 -1.61870256836787e+00 -2.53514279526208e+00 -4.19405938653048e+00 0.00000000000000e+00 3.38101884388345e-03 2.77343732922476e+00 6.95159364342085e-01 1.09393992708550e+00 1.81489722258221e+00 0.00000000000000e+00 -8.57295406810567e-01 1.61069429061342e+00
 0.00000000000000e+00 0.00000000000000e+00 0.00000000000000e+00 0.00000000000000e+00 0.00000000000000e+00 -1.31146727482252e-01 0.00000000000000e+00 0.00000000000000e+00 -2.54420164567367e-01 0.00000000000000e+00 0.00000000000000e+00 -2.55647412800044e-01 0.00000000000000e+00 0.00000000000000e+00 5.06024681861295e-02 0.00000000000000e+00 0.00000000000000e+00 -3.42908140542666e+01 0.00000000000000e+00 0.00000000000000e+00 0.00000000000000e+00 0.00000000000000e+00 -3.92813667613998e+00 0.00000000000000e+00 0.00000000000000e+00 0.00000000000000e+00 0.00000000000000e+00 0.00000000000000e+00 7.85255982550345e-01 0.00000000000000e+00 0.00000000000000e+00
 -7.53502029835634e-03 -4.38876050707895e-03 6.78778472807648e-02 9.52483675384196e-02 1.84819784530336e-02 0.00000000000000e+00 1.48384899160934e-01 3.21639432756955e-03 0.00000000000000e+00 3.41366956129913e-01 -5.50213894920526e-03 0.00000000000000e+00 3.50488371125506e-01 -7.16942040860058e-03 0.00000000000000e+00 -4.94634041367937e-02 -1.31777745780398e-01 0.00000000000000e+00 -3.42659997599785e+01 1.86641109125645e-02 1.76198705483844e-02 6.66228440697135e-03 0.00000000000000e+00 5.30845883434288e-02 -4.32635650854573e-02 1.35454509024397e+00 2.11281926307922e+00 3.47580312283166e+00 0.00000000000000e+00 -2.09031656343842e+00 1.33237832699592e+00
 -1.53540521601365e-01 -2.05728993701554e-01 -6.52840734489536e-01 -6.37338863466123e-01 -2.92770651148008e-01 0.00000000000000e+00 -1.09277305397834e-02 -1.30813683008727e+00 0.00000000000000e+00 -2.84767115658266e-02 -1.94195568736047e+00 0.00000000000000e+00 -2.54826142673973e-02 -1.87499156948095e+00 0.00000000000000e+00 -3.53100696690443e-02 -1.61870256836787e+00 0.00000000000000e+00 1.86641109125645e-02 -1.64910100262898e+00 -2.28311972813305e+00 -3.58694744653813e+00 0.00000000000000e+00 -3.11725437867810e-02 4.89809909006777e-01 -1.22731001507626e-01 -6.75206234576606e-02 5.57323655251867e-02 0.00000000000000e+00 3.14442086440267e-01 -5.27612023712048e-01
 -3.16178616647092e-02 -6.04832931781690e-02 -7.14650941299365e-01 -6.33504723810134e-01 -1.42690298054922e-01 0.00000000000000e+00 -7.67191703614690e-03 -1.68192763436418e+00 0.00000000000000e+00 -2.58853032519942e-02 -2.56559731664860e+00 0.00000000000000e+00 -2.53218757256310e-02 -2.38807091798076e+00 0.00000000000000e+00 -4.32353014825168e-02 -2.53514279526208e+00 0.00000000000000e+00 1.76198705483844e-02 -2.28311972813305e+00 -3.31287615100069e+00 -5.69981958384126e+00 0.00000000000000e+00 -3.56637272869364e-02 6.02741688497642e-01 -6.75208259373909e-02 8.00536757154106e-03 1.52079130557038e-01 0.00000000000000e+00 2.97317510841093e-01 -5.66956299564315e-01
 4.35126189302530e-01 5.27269263229275e-01 -5.95617106512493e-01 -2.17166738233368e-01 5.53941081046915e-01 0.00000000000000e+00 2.75654004803474e-03 -1.91480631319470e+00 0.00000000000000e+00 -6.50665935242223e-03 -2.89871078882477e+00 0.00000000000000e+00 -9.74607647889336e-03 -2.13602692795516e+00 0.00000000000000e+00 -3.44990334023996e-02 -4.19405938653048e+00 0.00000000000000e+00 6.66228440697135e-03 -3.58694744653813e+00 -5.69981958384126e+00 -1.18312490769422e+01 0.00000000000000e+00 -3.00856460166855e-02 5.93890692834593e-01 5.57324269231767e-02 1.52079515539430e-01 2.82497669444752e-01 0.00000000000000e+00 9.28391863129795e-02 -3.60297245852782e-01
 0.00000000000000e+00 0.00000000000000e+00 0.00000000000000e+00 0.00000000000000e+00 0.00000000000000e+00 -1.77008372494151e+00 0.00000000000000e+00 0.00000000000000e+00 -2.70874116758606e+00 0.00000000000000e+00 0.00000000000000e+00 -2.70207374366780e+00 0.00000000000000e+00 0.00000000000000e+00 -5.80417832302998e-02 0.00000000000000e+00 0.00000000000000e+00 -3.92813667613998e+00 0.00000000000000e+00 0.00000000000000e+00 0.00000000000000e+00 0.00000000000000e+00 -6.22696287397643e+00 0.00000000000000e+00 0.00000000000000e+00 0.00000000000000e+00 0.00000000000000e+00 0.00000000000000e+00 -5.93570192246897e-01 0.00000000000000e+00 0.00000000000000e+00
 9.26372306258419e-03 1.42028468173825e-02 -1.68621294773424e-02 -4.67161648366542e-03 1.83031485194456e-02 0.00000000000000e+00 -1.76508692256209e+00 -3.98011410778465e-02 0.00000000000000e+00 -2.70552322967192e+00 -4.21150654779410e-02 0.00000000000000e+00 -2.69329419172372e+00 -1.00919288575663e-02 0.00000000000000e+00 -3.95685527750805e+00 3.38101884388345e-03 0.00000000000000e+00 5.30845883434288e-02 -3.11725437867810e-02 -3.56637272869364e-02 -3.00856460166855e-02 0.00000000000000e+00 -6.23874330789223e+00 1.46457092201455e-02 -4.47958420106499e-01 -4.90058332768913e-01 -3.32025295779388e-01 0.00000000000000e+00 5.17943385296867e-01 -1.15021179218461e+00
 1.38217466909475e+00 1.81034756313210e+00 1.70778853966737e+00 2.92830984954585e+00 2.38706243210165e+00 0.00000000000000e+00 2.44483186430790e-02 1.47898194846218e+00 0.00000000000000e+00 7.32807663684011e-02 4.15840438132539e+00 0.00000000000000e+00 8.10907326081354e-02 5.76149510930129e+00 0.00000000000000e+00 6.27479669315226e-02 2.77343732922476e+00 0.00000000000000e+00 -4.32635650854573e-02 4.89809909006777e-01 6.02741688497642e-01 5.93890692834593e-01 0.00000000000000e+00 1.46457092201455e-02 -6.40469459630228e+00 4.20222141552473e-01 4.11928528289976e-01 1.67908149447121e-01 0.00000000000000e+00 -1.09449291606775e+00 1.01049748618149e+00
 -1.53526510752815e-01 -2.05710660377846e-01 -6.52818093037399e-01 -6.37302717769358e-01 -2.92745891301162e-01 0.00000000000000e+00 -1.28005731989304e+00 2.69717161745338e-01 0.00000000000000e+00 -1.90287246610912e+00 3.88425638940736e-01 0.00000000000000e+00 -1.83680754797986e+00 3.76992740901674e-01 0.00000000000000e+00 5.50999297229775e-01 6.95159364342085e-01 0.00000000000000e+00 1.35454509024397e+00 -1.22731001507626e-01 -6.75208259373909e-02 5.57324269231767e-02 0.00000000000000e+00 -4.47958420106499e-01 4.20222141552473e-01 -1.64908715184254e+00 -2.28309847228806e+00 -3.58690923289034e+00 0.00000000000000e+00 4.71740803784932e-01 -1.35435706922230e-01
 -3.16039436648662e-02 -6.04642033012068e-02 -7.14619967074312e-01 -6.33455204437265e-01 -1.42661852397662e-01 0.00000000000000e+00 -1.64444788837116e+00 3.53014790210465e-01 0.00000000000000e+00 -2.51142707457616e+00 5.24624229314611e-01 0.00000000000000e+00 -2.33788288456060e+00 4.87116927057261e-01 0.00000000000000e+00 8.76334384090702e-01 1.09393992708550e+00 0.00000000000000e+00 2.11281926307922e+00 -6.75206234576606e-02 8.00536757154106e-03 1.52079515539430e-01 0.00000000000000e+00 -4.90058332768913e-01 4.11928528289976e-01 -2.28309847228806e+00 -3.31284312294400e+00 -5.69975803931112e+00 0.00000000000000e+00 5.81082603611938e-01 -1.64028378381419e-01
 4.35113050689833e-01 5.27256691906873e-01 -5.95576175320966e-01 -2.17109720522683e-01 5.53939750979797e-01 0.00000000000000e+00 -1.86964660827374e+00 4.13110258378260e-01 0.00000000000000e+00 -2.83256809285910e+00 6.14937136623409e-01 0.00000000000000e+00 -2.08828675599207e+00 4.48290466200807e-01 0.00000000000000e+00 1.48808556203758e+00 1.81489722258221e+00 0.00000000000000e+00 3.47580312283166e+00 5.57323655251867e-02 1.52079130557038e-01 2.82497669444752e-01 0.00000000000000e+00 -3.32025295779388e-01 1.67908149447121e-01 -3.58690923289034e+00 -5.69975803931112e+00 -1.18311224495233e+01 0.00000000000000e+00 5.73628784253885e-01 -1.56681953471261e-01
 0.00000000000000e+00 0.00000000000000e+00 0.00000000000000e+00 0.00000000000000e+00 0.00000000000000e+00 -1.77002527388967e+00 0.00000000000000e+00 0.00000000000000e+00 -2.70861685100687e+00 0.00000000000000e+00 0.00000000000000e+00 -2.70191952315463e+00 0.00000000000000e+00 0.00000000000000e+00 -3.84912358893758e+00 0.00000000000000e+00 0.00000000000000e+00 7.85255982550345e-01 0.00000000000000e+00 0.00000000000000e+00 0.00000000000000e+00 0.00000000000000e+00 -5.93570192246897e-01 0.00000000000000e+00 0.00000000000000e+00 0.00000000000000e+00 0.00000000000000e+00 0.00000000000000e+00 -6.22689999185650e+00 0.00000000000000e+00 0.00000000000000e+00
 1.35192638721032e+00 1.77117786285311e+00 1.66445503023741e+00 2.85913503429361e+00 2.33533997054762e+00 0.00000000000000e+00 1.32675647670596e+00 -6.54034522221238e-01 0.00000000000000e+00 3.84955979789995e+00 -1.36518483403883e+00 0.00000000000000e+00 5.38776195942433e+00 -1.69223782888399e+00 0.00000000000000e+00 -1.69068520800926e+00 -8.57295406810567e-01 0.00000000000000e+00 -2.09031656343842e+00 3.14442086440267e-01 2.97317510841093e-01 9.28391863129795e-02 0.00000000000000e+00 5.17943385296867e-01 -1.09449291606775e+00 4.71740803784932e-01 5.81082603611938e-01 5.73628784253885e-01 0.00000000000000e+00 -6.39088344749558e+00 4.80461687934267e-02
 -2.87191781155577e-01 -3.74138484443541e-01 -3.82521477050019e-01 -6.32209540914594e-01 -4.93743988657521e-01 0.00000000000000e+00 -7.18282826375353e-01 -1.61276822145376e+00 0.00000000000000e+00 -1.48057864188317e+00 -2.39657079777450e+00 0.00000000000000e+00 -1.78341918802988e+00 -2.31956876556433e+00 0.00000000000000e+00 -3.32023813874455e+00 1.61069429061342e+00 0.00000000000000e+00 1.33237832699592e+00 -5.27612023712048e-01 -5.66956299564315e-01 -3.60297245852782e-01 0.00000000000000e+00 -1.15021179218461e+00 1.01049748618149e+00 -1.35435706922230e-01 -1.64028378381419e-01 -1.56681953471261e-01 0.00000000000000e+00 4.80461687934267e-02 -6.25243750047045e+00
