CA:
 1.74534289850844e-01 2.00959717851150e-02 9.09242429774429e-05 0.00000000000000e+00 9.27991828740744e-03 -6.51990287789354e-02 5.33018543945618e-02 -1.71803020704195e-02 0.00000000000000e+00 1.01311464449411e-04 0.00000000000000e+00 7.27502024834148e-06 0.00000000000000e+00 2.18790108224672e-02 -5.04507842580887e-03 -5.55495835533864e-03 0.00000000000000e+00 -1.29365079191982e-02 -3.09270134583858e-01 -7.08393721663447e-01 0.00000000000000e+00 0.00000000000000e+00
 9.14748018607092e-01 1.12093157671658e-01 -8.07902924355052e-02 0.00000000000000e+00 -4.93092350629387e-05 7.78755745949095e-03 -9.97683843394597e-02 -1.41849919051085e-04 0.00000000000000e+00 -3.05051797828929e-04 0.00000000000000e+00 -5.92998316249402e-06 0.00000000000000e+00 1.12370165387943e-02 1.90954176009924e-02 1.36137899170034e-01 0.00000000000000e+00 8.89697890376879e-02 1.58118403320005e+00 2.93389742838515e+00 0.00000000000000e+00 0.00000000000000e+00
 -8.32882156304816e-02 2.90695829562760e-02 3.68903945559488e-02 0.00000000000000e+00 3.47859866980641e-02 -2.28746701804132e-01 1.27146272277124e-01 -1.02600250288075e-01 0.00000000000000e+00 6.09654012371522e-04 0.00000000000000e+00 4.67339740750282e-05 0.00000000000000e+00 1.44980979967730e-01 -5.61507420455232e-03 -4.45454003457563e-02 0.00000000000000e+00 -6.27942947197397e-02 -1.34646348034508e+00 -3.18860515381727e+00 0.00000000000000e+00 0.00000000000000e+00
 -1.49875289398654e-02 -3.36010044794743e-01 -2.52030577599274e-01 0.00000000000000e+00 -1.80220347858778e-01 1.58051958286418e+00 -3.40344310669643e+00 -7.50292200869461e-01 0.00000000000000e+00 2.32916266343431e-03 0.00000000000000e+00 4.10484862570507e-04 0.00000000000000e+00 1.82035824408219e+00 9.20181613869801e-01 -8.27803819231319e-02 0.00000000000000e+00 1.72528464557041e-01 4.75696033730242e+00 -1.07125979350683e+00 0.00000000000000e+00 0.00000000000000e+00
 7.40599898369504e-03 1.00067440327603e-01 1.06872500774226e+00 0.00000000000000e+00 3.60887212721820e-01 -2.26291590967185e+00 6.45933881528175e-01 -8.27130605225235e-01 0.00000000000000e+00 3.43316065867370e-03 0.00000000000000e+00 2.61869687792737e-04 0.00000000000000e+00 6.38869658613520e-01 -2.64041223136808e-01 9.54746288145086e-02 0.00000000000000e+00 -1.25454795907547e-01 -1.20151407368832e+00 -2.49057907238070e-01 0.00000000000000e+00 0.00000000000000e+00
 6.45886692336013e-04 -5.17379748276817e-03 3.04869376828718e-02 0.00000000000000e+00 1.07788430127551e+00 1.16372164850165e-01 4.34195338412935e-05 -2.12076401958335e-01 0.00000000000000e+00 8.00578091746198e-02 0.00000000000000e+00 4.66242535495294e-04 0.00000000000000e+00 1.68236769178570e-01 -8.24756890233769e-01 -5.62237831239337e-01 0.00000000000000e+00 1.11457255852360e-01 1.72823729461015e-02 5.59963742983015e-02 0.00000000000000e+00 0.00000000000000e+00
 0.00000000000000e+00 0.00000000000000e+00 0.00000000000000e+00 -1.14439224871114e+00 0.00000000000000e+00 0.00000000000000e+00 0.00000000000000e+00 0.00000000000000e+00 1.02227600881894e+00 0.00000000000000e+00 7.30511595200983e-02 0.00000000000000e+00 -1.64521312366779e-03 0.00000000000000e+00 0.00000000000000e+00 0.00000000000000e+00 3.05066663522250e-01 0.00000000000000e+00 0.00000000000000e+00 0.00000000000000e+00 0.00000000000000e+00 0.00000000000000e+00
 2.25642001248061e-03 -8.69131753692126e-02 -6.03563443793796e-01 0.00000000000000e+00 2.03750840611261e-01 -1.09043779304653e+00 -2.45770271013038e+00 -5.71145982780260e-01 0.00000000000000e+00 9.87124373993529e-03 0.00000000000000e+00 8.15185167672350e-04 0.00000000000000e+00 2.45263914299043e+00 5.27466114479685e-01 -1.44329320801449e-01 0.00000000000000e+00 -1.70574890220849e-02 1.81892745956356e+00 -8.20371516023486e-01 0.00000000000000e+00 0.00000000000000e+00
 -8.94641375238314e-04 6.20537780249854e-03 -2.40598758944602e-02 0.00000000000000e+00 -1.17582646560735e-01 1.85102704785919e-02 7.33567688966125e-04 3.50839609981895e-01 0.00000000000000e+00 -9.98447078456024e-03 0.00000000000000e+00 -4.81911701780372e-04 0.00000000000000e+00 -2.31086280800397e-01 1.03783365477931e+00 5.79116019333251e-01 0.00000000000000e+00 5.37700015846852e-01 -3.15132588530921e-02 -8.46400330564672e-02 0.00000000000000e+00 0.00000000000000e+00
 0.00000000000000e+00 0.00000000000000e+00 0.00000000000000e+00 1.99820355672531e-01 0.00000000000000e+00 0.00000000000000e+00 0.00000000000000e+00 0.00000000000000e+00 -1.44242647258997e+00 0.00000000000000e+00 -2.05456317853120e-01 0.00000000000000e+00 2.46711622087515e-03 0.00000000000000e+00 0.00000000000000e+00 0.00000000000000e+00 3.10312676313124e-01 0.00000000000000e+00 0.00000000000000e+00 0.00000000000000e+00 0.00000000000000e+00 0.00000000000000e+00
 -1.48527792241966e-02 -9.84980435225782e-02 6.99047174837387e-02 0.00000000000000e+00 -4.59313089628657e-02 1.92567289226739e-01 5.96079613438958e-01 -3.06429961169671e-01 0.00000000000000e+00 -1.08632786849441e-02 0.00000000000000e+00 -6.74519895741643e-04 0.00000000000000e+00 -1.38691301197857e+00 2.74580861591332e-01 -1.94455505325701e-01 0.00000000000000e+00 6.05093077810041e-02 8.46936764162190e-01 -6.32445602408272e-01 0.00000000000000e+00 0.00000000000000e+00
 0.00000000000000e+00 0.00000000000000e+00 0.00000000000000e+00 -1.11334030138155e-04 0.00000000000000e+00 0.00000000000000e+00 0.00000000000000e+00 0.00000000000000e+00 -1.68502831830847e-03 0.00000000000000e+00 -3.92284894919189e-04 -2.42081960033502e-09 -9.99998494736987e-01 0.00000000000000e+00 0.00000000000000e+00 0.00000000000000e+00 -7.01471528427885e-05 0.00000000000000e+00 0.00000000000000e+00 0.00000000000000e+00 0.00000000000000e+00 0.00000000000000e+00
 0.00000000000000e+00 0.00000000000000e+00 0.00000000000000e+00 4.14726411789198e-02 0.00000000000000e+00 0.00000000000000e+00 0.00000000000000e+00 0.00000000000000e+00 2.55297637808019e-02 0.00000000000000e+00 8.25728864112757e-01 0.00000000000000e+00 -4.33253653336939e-04 0.00000000000000e+00 0.00000000000000e+00 0.00000000000000e+00 8.79527490024281e-01 0.00000000000000e+00 0.00000000000000e+00 0.00000000000000e+00 0.00000000000000e+00 0.00000000000000e+00
 -2.90032794239940e-03 -1.66671094649620e-02 -1.55384273749847e-02 0.00000000000000e+00 -1.15437513044053e-02 -7.42446490876883e-03 -9.37402989851242e-02 4.87491154082288e-02 0.00000000000000e+00 1.02018850004490e-03 0.00000000000000e+00 1.61479983291877e-04 0.00000000000000e+00 7.70157011955841e-01 7.58359239487682e-01 -7.66662769376998e-01 0.00000000000000e+00 -8.02766949316042e-02 1.05901197929505e+00 -5.16376342882317e-01 0.00000000000000e+00 0.00000000000000e+00
 -2.03950661680462e-05 -8.56925041160502e-05 1.04007015710127e-04 0.00000000000000e+00 -4.41063812689982e-02 -7.11859025227218e-03 -1.36808908503837e-04 -2.18619816757439e-02 0.00000000000000e+00 -8.12077927092835e-01 0.00000000000000e+00 -2.52726007404302e-06 0.00000000000000e+00 3.22755755974840e-02 -2.09974888479601e-01 -2.75689234987963e-01 0.00000000000000e+00 8.21072407442056e-01 -8.44117439001289e-03 -8.09218323981967e-03 0.00000000000000e+00 0.00000000000000e+00
 1.67673023765205e-08 7.17863696096809e-07 -1.24051584902869e-06 0.00000000000000e+00 1.21134442452649e-04 2.01885397798151e-05 8.25980884859881e-07 9.42118416344841e-05 0.00000000000000e+00 2.39346975659589e-05 0.00000000000000e+00 -9.99999850632948e-01 2.42082393020482e-09 4.12164396287771e-04 -3.00105821754269e-04 -7.88472651981579e-05 0.00000000000000e+00 -8.95790205975973e-05 2.53964572299647e-06 3.27661232890947e-06 0.00000000000000e+00 0.00000000000000e+00
 2.92379001960062e-03 -2.55593074473501e-01 -2.29139352096519e-01 0.00000000000000e+00 -1.07002484144290e+00 2.39983462545413e+00 7.32231917261916e+00 8.85536289772802e+00 0.00000000000000e+00 -4.17873193511388e-02 0.00000000000000e+00 -3.59326228109626e-03 0.00000000000000e+00 -9.96062819084982e+00 8.95725804052585e-01 -1.08746924751712e+00 0.00000000000000e+00 6.16349785440692e-01 -8.30619145880722e+00 4.04955371069960e+00 0.00000000000000e+00 0.00000000000000e+00
 1.00374669426864e-02 -4.20927731606500e-01 1.99022385928773e-01 0.00000000000000e+00 1.09187824770608e+00 -1.73811654432961e+00 -4.67579939922926e+00 -8.41319768925297e+00 0.00000000000000e+00 5.20864532605451e-02 0.00000000000000e+00 3.77170142812449e-03 0.00000000000000e+00 8.25520177034440e+00 -3.46274817794614e+00 1.14937398341703e+00 0.00000000000000e+00 -1.27379407008122e+00 4.55308807201341e+00 -1.95951724837967e+00 0.00000000000000e+00 0.00000000000000e+00
 -6.55512533937308e-04 -1.00316144562428e-01 -8.43054236732970e-02 0.00000000000000e+00 -2.35516492068734e-01 1.70821150192424e-01 3.80294195831579e-01 1.13514292504194e+00 0.00000000000000e+00 -1.64009794852025e-02 0.00000000000000e+00 -8.84837467497487e-04 0.00000000000000e+00 -8.89478630547825e-01 1.64006939924373e+00 5.09538275859023e-01 0.00000000000000e+00 7.48469146721554e-01 -2.50041995817615e-01 2.69049791632220e-03 0.00000000000000e+00 0.00000000000000e+00
 2.55565661817208e-05 5.17854600120696e-05 -8.34866300070798e-04 0.00000000000000e+00 -1.12419176825233e-02 -1.80917882417350e-04 6.39733717421823e-05 2.47475325154824e-02 0.00000000000000e+00 -3.09742147854461e-01 0.00000000000000e+00 -2.36108557741731e-05 0.00000000000000e+00 -3.23427422025957e-02 2.69802267211907e-01 3.82397062719577e-01 0.00000000000000e+00 -1.19682200986610e+00 1.27499684683954e-02 1.33455597703498e-02 0.00000000000000e+00 0.00000000000000e+00
 0.00000000000000e+00 0.00000000000000e+00 0.00000000000000e+00 1.43960856228700e-02 0.00000000000000e+00 0.00000000000000e+00 0.00000000000000e+00 0.00000000000000e+00 -2.11071328283848e-01 0.00000000000000e+00 2.80443325658136e-01 0.00000000000000e+00 3.33536093010937e-04 0.00000000000000e+00 0.00000000000000e+00 0.00000000000000e+00 -1.27575926819238e+00 0.00000000000000e+00 0.00000000000000e+00 0.00000000000000e+00 0.00000000000000e+00 0.00000000000000e+00
 -4.13408329975824e-03 2.96816522486103e-02 -2.58563052787851e-02 0.00000000000000e+00 -9.81643822923345e-06 -1.55464944244776e-02 -1.90459912896397e-01 4.30510505441881e-02 0.00000000000000e+00 2.03288071204109e-03 0.00000000000000e+00 1.50113063600765e-04 0.00000000000000e+00 3.70363099210285e-01 -1.21338910877861e-01 4.19756742077238e-01 0.00000000000000e+00 1.09257064857500e-01 1.53465001890665e+00 -1.11430115121197e+00 0.00000000000000e+00 0.00000000000000e+00
