CA:
 2.39895911731138e-01 -2.29266314268388e-02 -2.75642524790478e-02 -3.18794665054641e-02 8.77454654462698e-03 -1.79696166668312e-02 1.39817698621872e-02 1.28734878075564e-02 2.05492069437738e-03 -7.93657583438884e-03 -2.54744756323166e-02 9.09983805959275e-03 -5.20858564808582e-02 3.44564987908357e-02 3.12245053045857e-02 2.60104329164889e-02 1.26931621075614e-02 -7.53485930410538e-02 3.91532410310427e-02 6.12322635701444e-02 4.40324202155935e-02 -1.31643258088883e-01 -5.36468294517494e-02 1.90058011413843e-01 1.69917829864251e-02 -4.88653062606844e-02 2.72515865671371e-01 -2.10487498405881e-01 0.00000000000000e+00 0.00000000000000e+00 0.00000000000000e+00
 7.79752883623238e-01 -1.88891071408122e-01 6.00715611717671e-02 1.80383729202268e-01 -2.10574750886633e-02 -1.29027072713012e-02 -9.18683373463886e-03 -4.21919307732317e-02 -1.43289090489664e-02 1.59323517960721e-02 -2.79738590086132e-02 -5.93373281813123e-02 1.24112400543362e-01 -6.66079175968916e-02 -5.15024694691318e-02 8.74827449035595e-03 3.58014062733803e-01 1.28391439654688e-01 -3.98053372758497e-03 -1.42491735518042e-01 -7.94869246411572e-02 3.66557943783435e-01 3.94342227805243e-01 -6.54200856502025e-01 -5.33586863921766e-02 1.51589312407221e-01 -6.84965464799047e-01 2.18489909073473e-01 0.00000000000000e+00 0.00000000000000e+00 0.00000000000000e+00
 1.99426947457538e-02 2.07661989969450e-01 -1.44193434274390e-01 -7.47728236103281e-01 7.19547818383365e-02 6.90402390313259e-01 -3.18459032926548e-01 1.37830534944367e+00 1.11702033289647e+00 -3.15178813301802e-02 4.24540268696531e-01 3.27633845923536e-01 -5.63419154775321e-01 3.61346505192380e-01 3.74712292947975e-01 7.91345847152078e-01 3.90672081806647e+00 1.34990018470022e+00 -5.32168664593355e-01 8.96847812611838e-01 1.32804018579771e+00 5.79941737067587e-01 6.58105599582710e+00 -2.87248399567564e+00 -9.23915545748555e-04 4.15821312071959e-01 1.05534041294849e+00 -1.09863755682957e+01 0.00000000000000e+00 0.00000000000000e+00 0.00000000000000e+00
 -2.36527354047436e-02 4.72567990657626e-01 1.18637867506867e-01 -1.88486071979942e-02 -3.91378109325645e-02 6.12773404192253e-02 -6.38540270534299e-02 -2.00826438621886e-01 -1.34281017077079e-01 3.88180593378988e-02 2.43034433982163e-01 9.82285425420743e-02 2.86734366149481e-01 -2.29574399372110e-01 -2.52232800784657e-01 -5.69010839859179e-01 -2.64333965790238e+00 7.24188431922124e-01 -7.77515420998244e-01 -2.22669796211703e-01 -3.42025945996093e-01 -1.72548995352517e-01 -1.22239937172536e+00 5.34522202285598e-01 1.44003053277146e-02 -5.20796778948509e-02 -5.84217793150467e-01 2.27376846755208e+00 0.00000000000000e+00 0.00000000000000e+00 0.00000000000000e+00
 -2.71122605985623e-03 -4.33239059532756e-02 -7.74106223139387e-02 -1.09241003759788e-01 2.54750278793956e-02 -2.59443802673787e-02 2.75994178056581e-02 7.38033044589305e-02 3.74713508640522e-02 -2.20035111671461e-02 -5.51608763382096e-02 3.31615075396789e-02 -1.54832761069535e-01 1.02138079443197e-01 9.39948115944623e-02 9.28746307084587e-02 1.51244825351006e-01 -1.66473509055882e-01 9.31713904149987e-02 1.87747958309653e-01 1.54480194154848e-01 -3.32325985970432e-01 4.36764440456422e-02 4.22032798041651e-01 4.48078654153160e-02 -1.17751101167469e-01 7.52959710449139e-01 -8.65091222826927e-01 0.00000000000000e+00 0.00000000000000e+00 0.00000000000000e+00
 2.78711548801758e-04 1.80055000559533e-03 -3.49319002039751e-03 -8.91652437280799e-03 -7.57107229295405e-01 2.11653171431617e-03 4.78782358966176e-03 -1.38569233097935e-02 -2.29682047848382e-02 1.74171778096216e+00 7.40908471626922e-03 -8.46505513364822e-03 1.43209602822354e-02 -1.09293544246448e-02 7.73506819561294e-01 -1.33028961932070e-02 -1.15996360550350e-01 -1.10400442034920e-02 -1.48873096604461e-02 -7.47936121102431e-01 -4.82500650012602e-02 2.40064319163034e-01 8.99960219861719e-02 -1.44457729992243e-01 -2.16950173740129e-01 -5.97198065574669e-01 -1.94868162633399e-02 1.30527831862378e-03 0.00000000000000e+00 0.00000000000000e+00 0.00000000000000e+00
 5.05552617848429e-03 -1.91340735223918e-02 -5.15925727368553e-02 8.14359819476283e-02 7.63277538739787e-03 2.09706444198364e-01 8.31550856904979e-02 7.10817684082982e-02 2.54580455702987e+00 2.91600647262655e-02 -3.06707029675458e-01 -6.62516225998956e-02 -2.18320188873846e+00 3.37738993986067e-01 9.30088532646316e-02 -9.03269138979802e-01 4.41798107529434e-01 -5.05054908969284e-01 -1.40312379722896e-01 3.51056419853775e-01 4.70566318370246e-01 1.53680987130026e-01 5.92423591750119e-01 -1.66526710974041e+00 7.09059200279236e-01 -1.25055171160752e-01 -1.19933917454676e-01 -5.76164345825518e-01 0.00000000000000e+00 0.00000000000000e+00 0.00000000000000e+00
 3.60894654204139e-03 -1.04085316503930e-02 1.40829163689188e-02 7.08356947289638e-02 4.72566029603467e-03 -1.92801416602277e-01 -4.16097830962702e-01 2.62565946221657e+00 -7.62301089239171e-01 -8.71386689287670e-04 2.88112466421369e-01 1.22360218125652e+00 2.28315627981094e+00 -2.49536964179507e-01 9.85664201315900e-03 1.33304798708196e+00 4.39179842043364e-01 1.44444047721331e-01 9.42218136359588e-01 6.26659875344264e-02 1.49319645633180e-01 3.76424668755651e-01 1.28688939550206e+00 6.71983337995293e-01 -1.02625126737075e+00 3.67397021926100e-01 4.51920392095820e-01 -4.62115796578726e-01 0.00000000000000e+00 0.00000000000000e+00 0.00000000000000e+00
 -6.51549945973329e-05 -2.67501198903380e-05 1.23791546881588e-03 -2.88085793410271e-03 -1.39447775114530e-01 8.30550427732354e-03 -6.22405169424738e-03 1.36883265730887e-02 2.29437541316936e-02 -1.74326022676712e+00 -4.60462925163604e-03 -7.88577349346942e-04 3.15771509659306e-03 -4.18017684583608e-03 3.05931480300581e-01 -2.41895841191822e-03 -1.05146751486069e-02 5.27121769545801e-04 3.03455947837943e-03 3.44180285274929e-01 2.45176957213040e-02 -1.56357364025678e-01 -1.03477692838364e-01 1.96352601925509e-01 7.37900896228744e-01 2.11396061435660e+00 -9.28591435857552e-03 5.29996969878412e-04 0.00000000000000e+00 0.00000000000000e+00 0.00000000000000e+00
 -5.86260768123707e-03 1.02091988328204e-01 2.64000063774358e-01 3.91157189720635e-01 -6.97431064028928e-03 8.61304547089475e-03 3.07929632910768e-01 -2.97895257083927e-01 -1.05642161919419e+00 -1.97423770164330e-02 7.55237809892248e-01 5.72123159045042e-01 9.25982424457611e-01 -1.13249907090051e-01 -8.83304526332950e-03 2.37338067690780e-01 3.81897235420646e-01 2.83458623983766e-01 -1.28853238202202e+00 -4.69627294624405e-02 -3.34686883943698e-02 2.29883111204866e-02 2.47111027978663e-01 -6.28632201768498e-01 -1.16291252517464e+00 4.99442269416167e-01 2.56165033581286e+00 -3.09449706533628e+00 0.00000000000000e+00 0.00000000000000e+00 0.00000000000000e+00
 -3.22415945219147e-03 7.72175483132971e-02 -3.26315212073149e-01 2.89119087855398e-01 -5.32456131152208e-04 1.44861728580493e-01 -4.38749232137593e-01 -1.11175875165364e+00 -6.29088897073105e-02 -5.94696676318478e-03 -2.43686175330245e-02 -2.52877434601532e-01 -1.35252028024187e+00 1.83619785583324e-01 3.03824787301957e-02 -2.53067196361168e-01 -2.35878948384672e-02 1.21771618713458e+00 4.68357205340744e-01 -9.75648568808173e-02 -1.69109722320335e-01 -3.48366913860264e-01 -1.22813324803047e-01 1.98742838729017e-01 1.26377592752936e+00 -4.84926657770818e-01 -2.25342352700396e+00 -3.33433202432496e+00 0.00000000000000e+00 0.00000000000000e+00 0.00000000000000e+00
 9.11633251712493e-06 3.62698856855004e-04 -5.62882367476352e-04 -2.53011141351381e-03 -1.57795521304674e-01 1.16627278026869e-03 2.20959864878953e-04 -8.43500318669019e-04 -1.43044707378730e-03 9.54122780291138e-02 4.94287798021714e-05 -4.56158882448307e-05 -1.20743430110322e-04 -3.26520235019896e-04 2.21288989496759e-02 -1.81289246065866e-03 -1.87359948000294e-02 -2.48394016209871e-03 -3.77031112917181e-03 -3.16419241086815e-01 -2.20591966868640e-02 1.33966152346915e-01 8.45754971150433e-02 -1.59315353790201e-01 -5.94596884899400e-01 -1.70377393066991e+00 8.50406406615811e-03 -4.32602204777647e-04 0.00000000000000e+00 0.00000000000000e+00 0.00000000000000e+00
 4.68861688675984e-03 4.09299490091327e-02 7.78529300143285e-02 1.04173086740994e-01 2.15798299030447e-03 3.22727312575348e-02 -5.53952236223622e-03 -3.56404133061318e-02 1.07382360894625e-01 -1.15656308411399e-03 3.14078545045238e-03 2.93097574422034e-02 -1.88476487897218e-02 9.17399431386128e-03 5.13559238538521e-03 -9.08736601458533e-02 -2.05523068646213e-01 1.72366832327275e-03 1.68678835757294e-01 1.76400743169703e-01 2.37864949425696e-01 2.03432601556870e-01 2.70839915113993e-01 -3.33385543993566e-02 7.92441618598941e-01 -2.85997462200917e-01 -1.44534111313550e+00 1.50912783471393e+00 0.00000000000000e+00 0.00000000000000e+00 0.00000000000000e+00
 2.50549576203060e-03 2.88570991023039e-02 -1.15643364936522e-01 9.61490707677067e-02 -1.28118204624433e-03 -1.00651821198003e-02 6.61627912583743e-03 1.30315216338352e-01 -5.88786510792333e-02 4.01858911189081e-04 5.66890412072579e-02 8.32853072579307e-03 -4.89921160299149e-02 5.33799343284306e-03 -6.29994351224794e-04 9.14119576421670e-02 -4.03570317012995e-02 -1.78152231404512e-01 -1.72593300997342e-01 1.16890786543081e-01 1.98932470177688e-01 3.95066270188730e-01 5.97397361963806e-01 2.32057482514905e-01 -7.77181036685610e-01 2.92206718610338e-01 1.13119625481994e+00 1.60780204005322e+00 0.00000000000000e+00 0.00000000000000e+00 0.00000000000000e+00
 6.18873826975598e-04 3.18276976972726e-03 -5.99557837547640e-03 -9.19714321773019e-03 -1.37886219939393e-02 -8.98727680043504e-03 4.24086344728974e-03 -4.11239644970315e-03 -5.75064079418874e-03 -1.07827478933781e-02 -5.48776435059301e-03 1.23756838739455e-02 -2.41800490909504e-02 -6.33472368126084e-02 -1.12288943710467e-01 -1.58162777100604e-02 -1.60251529292468e-01 -1.81337962358658e-02 -2.38704296764500e-02 -6.31384251615996e-01 -6.92493411106636e-01 4.99609704537951e-01 1.32997019976769e-01 -1.87879611449378e-01 6.66144205514968e-02 2.48331842054165e-01 -5.36870321137693e-02 3.53719254927870e-03 0.00000000000000e+00 0.00000000000000e+00 0.00000000000000e+00
 5.82385431063023e-04 6.28941161387689e-04 1.25590981595342e-03 8.59943188915932e-03 1.56364770316563e-03 1.20388308779182e-02 -1.23339214933032e-01 -7.37308078526897e-03 -3.53644865341787e-02 -1.50111998177410e-03 -2.05101500667353e-02 -6.78385246536138e-03 2.35913900518678e-01 -3.01536531386143e-02 -2.72224514527797e-03 -5.79955225192917e-02 -7.41706401408973e-02 1.74780678730235e-01 2.03949279534311e-01 1.23905694066529e-01 1.95532505825110e-01 3.23230211934424e-01 -4.55908095620726e-01 -5.11721002877985e-01 -3.95084340031595e-01 1.63591333460763e-01 1.60611446989571e-01 2.35477147017061e-01 0.00000000000000e+00 0.00000000000000e+00 0.00000000000000e+00
 4.43944870630042e-04 1.04507669733920e-02 -3.30236306474621e-02 2.67278526942318e-03 8.47606889982642e-04 5.92801969268564e-03 -8.18953938094554e-02 1.55598405734143e-02 -1.21771111937609e-02 -8.32519162934225e-05 -5.59263786144492e-02 5.73901445516923e-02 2.12258893622330e-01 -2.84237174801781e-02 -5.86086305418765e-03 1.77773708399036e-02 -8.78832078791646e-02 -3.34066732457656e-01 2.31393372682211e-02 6.33888867155140e-02 1.01842203356945e-01 2.24876002123612e-01 4.14736472814861e-01 6.51976498933551e-01 -4.49587433094160e-01 1.18392407147843e-01 -8.22653411429350e-01 -7.47640314417495e-01 0.00000000000000e+00 0.00000000000000e+00 0.00000000000000e+00
 -6.89488514729608e-06 1.36703540179334e-05 -1.88641733768237e-04 -6.69874825870234e-05 -1.30900004814211e-02 1.71604172390954e-04 -1.26567120184351e-04 7.33574263187958e-05 -6.42133665584299e-05 -7.51381412027381e-03 2.79755344936988e-05 -1.27071218174636e-03 1.01085224861095e-02 9.09008671924608e-02 -9.23586030195361e-02 -9.91950794696633e-05 -3.47207038025568e-03 -6.17305319685929e-04 -1.62459728051762e-03 -8.22534728618423e-01 7.58345352826699e-01 -1.34103501606991e-01 -2.21472922952168e-02 3.28803245653769e-02 6.12323666472542e-02 1.71718093075014e-01 5.58612595297873e-04 2.82726612421957e-05 0.00000000000000e+00 0.00000000000000e+00 0.00000000000000e+00
 -2.98647060880695e-04 -1.93392672436749e-02 -1.37443348012037e-02 -2.02481911738660e-02 1.80973236702860e-04 1.24168677494801e-02 -7.67379411773577e-02 -1.68684370062624e-02 -3.65960907048546e-02 -9.64755360867237e-04 1.69110637858683e-03 6.28282729068244e-02 1.45604898288441e-01 -1.55846996724011e-02 3.02631495116645e-03 3.79414081023561e-02 2.31749520802900e-01 2.22795457401175e-01 -2.56559578256541e-01 -2.33318118701318e-01 -3.61515671586940e-01 -5.50940762747624e-01 -2.21820608388553e-01 4.07317931637844e-01 -3.25415979767963e-01 6.42448685502250e-02 -4.79963283331868e-01 8.10676898789332e-01 0.00000000000000e+00 0.00000000000000e+00 0.00000000000000e+00
 -8.32371469647526e-03 -1.60061051818427e-01 3.50838774268664e-01 -4.81962201793563e-02 -4.05489987661040e-02 -7.92028149735859e-01 4.79545242976894e+00 -1.75635205182632e+00 2.27723287822462e+00 3.29557350720017e-02 8.91397802042392e-01 -1.65079141560117e+00 -8.59439511877721e+00 1.05225546548469e+00 4.09638599125791e-02 -8.61886006799692e-01 -1.76840690904452e+00 -3.04769686071544e+00 -2.73254955810678e+00 1.83610493189298e-01 -2.17099838023924e-02 -1.67639091564993e+00 1.54793987355469e+00 -2.48165964612576e+00 4.83288497541666e+00 -1.49856099917216e+00 1.46705892566371e+00 -2.35481409647851e+00 0.00000000000000e+00 0.00000000000000e+00 0.00000000000000e+00
 4.18621147707324e-03 3.18943320486499e-01 -7.97497307784312e-01 3.51859631327947e-01 1.64159593961473e-02 7.98613305536698e-01 -2.79681905605794e+00 -1.00425779542772e+00 -1.18544679039143e+00 -2.19758315811247e-02 -1.94373047551101e+00 1.98672196850761e-01 6.69081434609559e+00 -9.12294813370350e-01 -1.29742146087962e-01 -2.56514932058048e-01 5.56748019518065e-01 1.39745028300540e+00 4.24038279501796e-01 -2.16786031472580e-01 -9.45308231878761e-03 2.40746802161226e+00 -8.30363247634421e+00 1.03244065945735e+00 -5.92716236741161e+00 1.76852842333306e+00 -1.21648839379146e+00 1.06149421913729e+01 0.00000000000000e+00 0.00000000000000e+00 0.00000000000000e+00
 9.62704606326449e-04 1.04551677692663e-01 -1.47951561392996e-02 -4.04041892915083e-04 -4.63333876926028e-05 -1.29044987407365e-01 -2.21356922110419e-02 5.59238709909031e-01 2.29892194614199e-02 3.22160538907335e-03 3.72853575960777e-01 3.47264900597610e-01 -3.80826851047723e-01 6.72785996750587e-02 1.89944948726478e-02 2.63093149547290e-01 1.04762337418819e-02 -5.09056219196763e-01 5.47985470077621e-01 -8.56781788484774e-02 -2.45880156520711e-01 -1.33432326510033e+00 3.53712662001791e+00 -2.29306212641013e-01 2.03096320133956e+00 -5.90923568609409e-01 1.35078346489847e+00 -3.08045704958579e+00 0.00000000000000e+00 0.00000000000000e+00 0.00000000000000e+00
 -5.79957381659016e-05 -2.79457992182701e-04 3.20383859053926e-04 6.16991889901906e-04 -3.76107565689757e-02 1.71032095991527e-03 -8.39119145305014e-04 1.36969821729355e-03 2.25408885514236e-03 -1.43466831659619e-01 2.88154911642323e-04 -1.30509917443691e-02 9.11741459214114e-02 7.82251131019223e-01 -8.48123222547127e-01 4.72132649054977e-03 3.77182730715851e-02 3.27800855744406e-03 4.25591953351928e-03 6.47966541996121e-01 -4.72142707196366e-01 5.15108200763791e-02 8.73370471005400e-03 -1.70466237368658e-02 -1.03569994951248e-01 -3.00305105585485e-01 5.90480989753358e-03 -4.04816461659629e-04 0.00000000000000e+00 0.00000000000000e+00 0.00000000000000e+00
 -1.53867301672009e-04 2.85103838308295e-03 3.00654234443054e-03 3.27593344121974e-02 -6.49606639417058e-04 5.83278968336803e-03 6.02878370990601e-02 -4.83587134903163e-02 -3.79026307785865e-02 -2.35974147122709e-03 2.43599305614282e-01 -6.69265392201827e-01 2.22595813350723e-01 -5.79689361001512e-02 -2.27240202074565e-02 1.10704064691766e+00 -2.79595799633753e-01 4.63651272365546e-02 -1.06568882757500e-02 -6.36736653534656e-02 -1.14216917909349e-01 -2.45073533845388e-01 1.80749529859992e-01 2.41104986179790e-01 1.77084561259387e-01 -8.15904416431749e-02 -3.53019514924180e-01 1.13501319121612e-01 0.00000000000000e+00 0.00000000000000e+00 0.00000000000000e+00
 -9.51135607558620e-04 -4.29794666311589e-02 5.80594575032151e-02 -3.03918927622792e-02 3.18036827112754e-03 -1.06648731358945e-02 -1.04963507946510e-01 1.21310323936069e-01 4.88368772867760e-02 -1.47716349534851e-03 -2.13089350194853e-01 8.69310088008790e-02 5.16203321101236e-01 -5.42462043746879e-02 9.00320517730518e-03 -9.70192607414461e-02 1.50216152306234e-01 1.63651384904103e+00 6.23806753864368e-01 3.37817113992963e-02 7.21133625572591e-02 9.27706467368107e-02 1.70447599637943e+00 8.16318418089080e-01 1.22333446628890e-01 -4.28807330492113e-02 -6.90560765766152e-01 -2.41990814204185e+00 0.00000000000000e+00 0.00000000000000e+00 0.00000000000000e+00
 -3.42841586100226e-03 -7.41654885486419e-02 -1.84752757440878e-01 -8.35208727328235e-02 -4.31658209226439e-02 -4.61270319138295e+00 -4.50755021751426e+00 1.98402768675828e+00 -2.15903326966400e+00 -3.01320865658671e-02 3.65266094188011e+00 3.70831677898703e+00 7.30628308062657e+00 -9.49106167115046e-01 -1.70513608068061e-01 3.76650858934338e-01 -1.18964124342522e+00 1.75022927988769e+00 3.87329321051213e+00 -1.35455318978828e-01 -3.40075514313486e-01 -1.56380477007782e+00 2.30675341802733e+00 -2.86654500357898e-01 -5.33703905465934e+00 1.90891938365446e+00 -1.53156958560956e-01 -2.00065195025083e+00 0.00000000000000e+00 0.00000000000000e+00 0.00000000000000e+00
 -2.79716573017075e-03 2.16904449452525e-01 7.06145902949291e-01 4.18675678936969e-01 1.55008901038942e-02 4.24349817205545e+00 3.29022337422325e+00 -1.48293847053524e+00 -7.54411644156063e-01 2.24524696544608e-02 -5.17935227628939e+00 -3.89276387990600e+00 -4.41148909928680e+00 4.52138459008932e-01 -7.28162644924086e-03 3.62533205796839e-01 5.82456735430411e-01 -1.19980207911180e+00 -1.59587365692618e+00 -8.60354712961248e-01 -8.05694758862107e-01 2.86885211142776e+00 -6.38110197864402e+00 7.33946847407511e+00 6.81317382443309e+00 -2.99473584105499e+00 -2.05469534396687e+00 8.97614810202651e+00 0.00000000000000e+00 0.00000000000000e+00 0.00000000000000e+00
 4.18627397550431e-03 1.33830044670894e-01 1.74391427925305e-02 -1.73770774102770e-02 2.07404111441545e-03 -6.69849321635838e-01 -2.45251816992036e-01 1.84348235251139e-01 5.52130255960938e-01 -4.02844644554634e-03 1.05105816710680e+00 6.61366304429315e-01 -1.32976553941193e-02 4.33090637522899e-02 3.12404665669057e-02 -3.36567948892432e-01 -3.87752503873775e-01 1.64644974649063e-02 4.92633281356711e-01 3.12645047841587e-01 1.93208095206982e-01 -1.76181179158390e+00 2.31398665048810e+00 -3.40691970710126e+00 -2.49304655555589e+00 1.10701303130792e+00 -4.66861298545799e-02 -2.72865184556518e+00 0.00000000000000e+00 0.00000000000000e+00 0.00000000000000e+00
 -2.78714029448943e-04 -1.00604171264466e-03 8.49712305798618e-04 4.81649408987475e-04 -3.68480601446808e-02 7.98397897364189e-04 -2.49893260383244e-04 2.95521747074569e-04 8.65397795681282e-04 -1.43635751425197e-01 -4.14147803125905e-03 2.56865472989500e-02 -1.16681090668500e-01 -7.60541954424010e-01 -8.66156155581503e-01 2.37849998142322e-02 1.99005771662349e-01 1.71507700764101e-02 2.10322382182157e-02 4.01860890538570e-01 5.37521779003676e-01 -3.45748184548826e-01 -8.16640260042865e-02 1.10131817778990e-01 -9.83768670711656e-02 -3.18794808152481e-01 3.20657000237822e-02 -2.07777600528439e-03 0.00000000000000e+00 0.00000000000000e+00 0.00000000000000e+00
 -9.86120888938853e-04 -3.84753903210400e-02 -7.26366459010966e-02 -2.09234751941826e-02 1.95885654825199e-03 -2.38920086559957e-02 1.29417443841324e-01 6.70067171171231e-02 1.22874222476334e-01 -7.08407726150412e-04 -1.67104351265782e-01 -3.32328186938922e-01 -3.85409433993117e-01 5.64373698226423e-02 1.92534481989592e-02 -1.37092800984269e-01 4.17737419356317e-02 4.35450441413669e-02 -1.85819748913931e+00 3.01653397456345e-01 3.86214389542038e-01 -2.31635517899267e-02 1.04106646805767e+00 -1.63428545939479e+00 -4.38091794279578e-02 1.65661691509460e-01 9.12935264381089e-01 -1.86383383330372e+00 0.00000000000000e+00 0.00000000000000e+00 0.00000000000000e+00
 -7.81135883349514e-05 1.07525442767151e-02 4.51256740108094e-03 3.73716646450731e-02 -8.73172716285064e-04 1.13220452532658e-02 -2.33977088441981e-02 -6.77608012718549e-02 -7.24686508574518e-02 -1.92563807361373e-03 2.46324364983475e-01 -6.72626102196727e-01 9.56703879523332e-02 -4.11160961230352e-02 -2.05636188676016e-02 -1.08985765210206e+00 1.58110890592911e-01 -2.09071383743469e-01 1.54300278772898e-01 -1.55292923801121e-01 -2.18686307450251e-01 -1.77874518354632e-01 7.61772035778751e-02 7.82086558297670e-01 9.41696446939473e-02 -8.67372836066300e-02 -2.51961753325340e-01 5.57514638865770e-01 0.00000000000000e+00 0.00000000000000e+00 0.00000000000000e+00
