pVp:
 -1.16963883399477e+00 -1.62400809251626e+00 -2.59509498159183e+00 0.00000000000000e+00 0.00000000000000e+00 -3.13480309842076e-01 -8.13649273798367e-02 -1.35589834323273e-01 -3.16728421976579e-01 -3.86882122602115e-01 -2.55104184649487e-01 0.00000000000000e+00 -2.71091542429029e-10 8.34091343551560e-01 0.00000000000000e+00 -5.57565710592710e-10 1.15707544220319e+00 0.00000000000000e+00 -1.40314215988427e-09 -1.06518955034030e+00 0.00000000000000e+00 -4.90029109646652e-12 5.09104799471076e-02 8.24463434828927e-02 9.31844322742751e-02 0.00000000000000e+00 -8.18283221463562e-10 1.72343991103395e-02
 -1.62400809251626e+00 -2.36787009997445e+00 -4.15431621738086e+00 0.00000000000000e+00 0.00000000000000e+00 -3.78230199928512e-01 1.23509280057853e-02 -2.39269690756204e-02 -2.61716060605895e-01 -4.04370416121971e-01 -2.67129556060217e-01 0.00000000000000e+00 -1.91440919984881e-10 1.04264575830267e+00 0.00000000000000e+00 -3.93685790233408e-10 1.47141130667480e+00 0.00000000000000e+00 -9.90766296960704e-10 -1.60387180576222e+00 0.00000000000000e+00 -3.54765180643295e-12 8.24463434828925e-02 1.15693993982003e-01 1.14875579479258e-01 0.00000000000000e+00 -9.89686487001456e-10 -5.15925063189725e-02
 -2.59509498159183e+00 -4.15431621738086e+00 -8.81453770146903e+00 0.00000000000000e+00 0.00000000000000e+00 -3.57282113832809e-01 2.93164923917413e-01 3.53545914920691e-01 6.72036994152683e-02 -3.04719789666387e-01 -2.36384674616452e-01 0.00000000000000e+00 -3.46145746548305e-11 1.11126575215773e+00 0.00000000000000e+00 -7.11517014098076e-11 1.47731877077166e+00 0.00000000000000e+00 -1.79082424765593e-10 -2.43999753510528e+00 0.00000000000000e+00 -6.86731827930028e-13 9.31844322742749e-02 1.14875579479258e-01 8.90337170811457e-02 0.00000000000000e+00 -8.38379804304549e-10 -1.49122020280760e-01
 0.00000000000000e+00 0.00000000000000e+00 0.00000000000000e+00 -4.50624298262631e+00 0.00000000000000e+00 0.00000000000000e+00 0.00000000000000e+00 0.00000000000000e+00 0.00000000000000e+00 0.00000000000000e+00 0.00000000000000e+00 -1.04380586489974e+00 0.00000000000000e+00 0.00000000000000e+00 -1.49840123295707e+00 0.00000000000000e+00 0.00000000000000e+00 -1.56638947689615e-10 0.00000000000000e+00 0.00000000000000e+00 2.38131956674609e+00 0.00000000000000e+00 0.00000000000000e+00 0.00000000000000e+00 0.00000000000000e+00 -6.61631750406981e-02 0.00000000000000e+00 0.00000000000000e+00
 0.00000000000000e+00 0.00000000000000e+00 0.00000000000000e+00 0.00000000000000e+00 -4.50624298262631e+00 0.00000000000000e+00 -2.77986946137788e-13 -1.50386675759716e-11 -1.40474548737713e-10 -1.44372569171732e-10 -5.87582341337120e-11 0.00000000000000e+00 -1.04380586489901e+00 -4.42026052881644e-11 0.00000000000000e+00 -1.49840123295517e+00 -2.33688517093672e-10 0.00000000000000e+00 2.38131956674972e+00 -1.54905043482934e-10 0.00000000000000e+00 1.56622943119964e-10 -8.18283221442343e-10 -9.89686487018601e-10 -8.38379804289004e-10 0.00000000000000e+00 -6.61631750654423e-02 2.12656050019919e-09
 -3.13480309842076e-01 -3.78230199928512e-01 -3.57282113832809e-01 0.00000000000000e+00 0.00000000000000e+00 -4.65068201987368e+00 -7.56990194907041e-01 -1.14621544775509e+00 -1.69723193658735e+00 -1.05414041867687e+00 -3.45377451883543e-01 0.00000000000000e+00 -3.94822948736868e-10 1.07694973731803e+00 0.00000000000000e+00 -8.48718187338032e-10 2.84019583105237e+00 0.00000000000000e+00 -2.13426421754575e-09 -1.84965269867271e+00 0.00000000000000e+00 -7.46740349200658e-12 -1.72343991103394e-02 5.15925063189728e-02 1.49122020280760e-01 0.00000000000000e+00 -2.12656050017308e-09 2.52112954508590e-01
 -8.13649273798367e-02 1.23509280057853e-02 2.93164923917413e-01 0.00000000000000e+00 -2.77986946137788e-13 -7.56990194907041e-01 -6.77008474430437e+02 -2.82790223720276e+02 3.43998705215479e+01 1.57455565178280e+01 7.04663294280161e+00 0.00000000000000e+00 0.00000000000000e+00 0.00000000000000e+00 0.00000000000000e+00 0.00000000000000e+00 0.00000000000000e+00 0.00000000000000e+00 0.00000000000000e+00 1.39212841974003e-02 0.00000000000000e+00 0.00000000000000e+00 -8.13649273798359e-02 1.23509280057853e-02 2.93164923917415e-01 0.00000000000000e+00 -2.77987505916522e-13 7.56990194907039e-01
 -1.35589834323273e-01 -2.39269690756204e-02 3.53545914920691e-01 0.00000000000000e+00 -1.50386675759716e-11 -1.14621544775509e+00 -2.82790223720276e+02 -1.37423086862413e+02 6.67000536687175e+00 6.53712492526239e+00 3.71615232822008e+00 0.00000000000000e+00 0.00000000000000e+00 0.00000000000000e+00 0.00000000000000e+00 0.00000000000000e+00 0.00000000000000e+00 0.00000000000000e+00 0.00000000000000e+00 -1.57322966665157e-02 0.00000000000000e+00 0.00000000000000e+00 -1.35589834323274e-01 -2.39269690756202e-02 3.53545914920691e-01 0.00000000000000e+00 -1.50386676211719e-11 1.14621544775509e+00
 -3.16728421976579e-01 -2.61716060605895e-01 6.72036994152683e-02 0.00000000000000e+00 -1.40474548737713e-10 -1.69723193658735e+00 3.43998705215479e+01 6.67000536687175e+00 -8.71374745152801e+00 -2.52554919625668e+00 -4.52955294772230e-01 0.00000000000000e+00 0.00000000000000e+00 0.00000000000000e+00 0.00000000000000e+00 0.00000000000000e+00 0.00000000000000e+00 0.00000000000000e+00 0.00000000000000e+00 -1.45606792694075e-01 0.00000000000000e+00 0.00000000000000e+00 -3.16728421976579e-01 -2.61716060605894e-01 6.72036994152685e-02 0.00000000000000e+00 -1.40474548667226e-10 1.69723193658735e+00
 -3.86882122602115e-01 -4.04370416121971e-01 -3.04719789666387e-01 0.00000000000000e+00 -1.44372569171732e-10 -1.05414041867687e+00 1.57455565178280e+01 6.53712492526239e+00 -2.52554919625668e+00 -1.58653746687725e+00 -6.71036010563249e-01 0.00000000000000e+00 0.00000000000000e+00 0.00000000000000e+00 0.00000000000000e+00 0.00000000000000e+00 0.00000000000000e+00 0.00000000000000e+00 0.00000000000000e+00 -1.25314924640417e-01 0.00000000000000e+00 0.00000000000000e+00 -3.86882122602115e-01 -4.04370416121971e-01 -3.04719789666387e-01 0.00000000000000e+00 -1.44372569211905e-10 1.05414041867687e+00
 -2.55104184649487e-01 -2.67129556060217e-01 -2.36384674616452e-01 0.00000000000000e+00 -5.87582341337120e-11 -3.45377451883543e-01 7.04663294280161e+00 3.71615232822008e+00 -4.52955294772230e-01 -6.71036010563249e-01 -4.30863772573111e-01 0.00000000000000e+00 0.00000000000000e+00 0.00000000000000e+00 0.00000000000000e+00 0.00000000000000e+00 0.00000000000000e+00 0.00000000000000e+00 0.00000000000000e+00 -5.16603771116030e-02 0.00000000000000e+00 0.00000000000000e+00 -2.55104184649487e-01 -2.67129556060217e-01 -2.36384674616452e-01 0.00000000000000e+00 -5.87582341669781e-11 3.45377451883543e-01
 0.00000000000000e+00 0.00000000000000e+00 0.00000000000000e+00 -1.04380586489974e+00 0.00000000000000e+00 0.00000000000000e+00 0.00000000000000e+00 0.00000000000000e+00 0.00000000000000e+00 0.00000000000000e+00 0.00000000000000e+00 -2.17778665512719e+00 0.00000000000000e+00 0.00000000000000e+00 -4.52082136379679e+00 0.00000000000000e+00 0.00000000000000e+00 0.00000000000000e+00 0.00000000000000e+00 0.00000000000000e+00 0.00000000000000e+00 0.00000000000000e+00 0.00000000000000e+00 0.00000000000000e+00 0.00000000000000e+00 -1.04380586489974e+00 0.00000000000000e+00 0.00000000000000e+00
 -2.71091542429029e-10 -1.91440919984881e-10 -3.46145746548305e-11 0.00000000000000e+00 -1.04380586489901e+00 -3.94822948736868e-10 0.00000000000000e+00 0.00000000000000e+00 0.00000000000000e+00 0.00000000000000e+00 0.00000000000000e+00 0.00000000000000e+00 -2.17778665512719e+00 0.00000000000000e+00 0.00000000000000e+00 -4.52082136379679e+00 0.00000000000000e+00 0.00000000000000e+00 0.00000000000000e+00 0.00000000000000e+00 0.00000000000000e+00 0.00000000000000e+00 -2.71091542389081e-10 -1.91440920024415e-10 -3.46145744398214e-11 0.00000000000000e+00 -1.04380586489901e+00 3.94822948644224e-10
 8.34091343551560e-01 1.04264575830267e+00 1.11126575215773e+00 0.00000000000000e+00 -4.42026052881644e-11 1.07694973731803e+00 0.00000000000000e+00 0.00000000000000e+00 0.00000000000000e+00 0.00000000000000e+00 0.00000000000000e+00 0.00000000000000e+00 0.00000000000000e+00 -2.16651286230886e+00 0.00000000000000e+00 0.00000000000000e+00 -4.52948994175409e+00 0.00000000000000e+00 0.00000000000000e+00 0.00000000000000e+00 0.00000000000000e+00 0.00000000000000e+00 -8.34091343551560e-01 -1.04264575830267e+00 -1.11126575215773e+00 0.00000000000000e+00 4.42026050951401e-11 1.07694973731803e+00
 0.00000000000000e+00 0.00000000000000e+00 0.00000000000000e+00 -1.49840123295707e+00 0.00000000000000e+00 0.00000000000000e+00 0.00000000000000e+00 0.00000000000000e+00 0.00000000000000e+00 0.00000000000000e+00 0.00000000000000e+00 -4.52082136379679e+00 0.00000000000000e+00 0.00000000000000e+00 -1.31215852865908e+01 0.00000000000000e+00 0.00000000000000e+00 0.00000000000000e+00 0.00000000000000e+00 0.00000000000000e+00 0.00000000000000e+00 0.00000000000000e+00 0.00000000000000e+00 0.00000000000000e+00 0.00000000000000e+00 -1.49840123295707e+00 0.00000000000000e+00 0.00000000000000e+00
 -5.57565710592710e-10 -3.93685790233408e-10 -7.11517014098076e-11 0.00000000000000e+00 -1.49840123295517e+00 -8.48718187338032e-10 0.00000000000000e+00 0.00000000000000e+00 0.00000000000000e+00 0.00000000000000e+00 0.00000000000000e+00 0.00000000000000e+00 -4.52082136379679e+00 0.00000000000000e+00 0.00000000000000e+00 -1.31215852865908e+01 0.00000000000000e+00 0.00000000000000e+00 0.00000000000000e+00 0.00000000000000e+00 0.00000000000000e+00 0.00000000000000e+00 -5.57565710593597e-10 -3.93685789990472e-10 -7.11517011441915e-11 0.00000000000000e+00 -1.49840123295517e+00 8.48718186941858e-10
 1.15707544220319e+00 1.47141130667480e+00 1.47731877077166e+00 0.00000000000000e+00 -2.33688517093672e-10 2.84019583105237e+00 0.00000000000000e+00 0.00000000000000e+00 0.00000000000000e+00 0.00000000000000e+00 0.00000000000000e+00 0.00000000000000e+00 0.00000000000000e+00 -4.52948994175409e+00 0.00000000000000e+00 0.00000000000000e+00 -1.32422342770010e+01 0.00000000000000e+00 0.00000000000000e+00 0.00000000000000e+00 0.00000000000000e+00 0.00000000000000e+00 -1.15707544220319e+00 -1.47141130667480e+00 -1.47731877077166e+00 0.00000000000000e+00 2.33688516676000e-10 2.84019583105237e+00
 0.00000000000000e+00 0.00000000000000e+00 0.00000000000000e+00 -1.56638947689615e-10 0.00000000000000e+00 0.00000000000000e+00 0.00000000000000e+00 0.00000000000000e+00 0.00000000000000e+00 0.00000000000000e+00 0.00000000000000e+00 0.00000000000000e+00 0.00000000000000e+00 0.00000000000000e+00 0.00000000000000e+00 0.00000000000000e+00 0.00000000000000e+00 -1.56407506857415e+01 0.00000000000000e+00 0.00000000000000e+00 0.00000000000000e+00 0.00000000000000e+00 0.00000000000000e+00 0.00000000000000e+00 0.00000000000000e+00 -1.56638947110536e-10 0.00000000000000e+00 0.00000000000000e+00
 -1.40314215988427e-09 -9.90766296960704e-10 -1.79082424765593e-10 0.00000000000000e+00 2.38131956674972e+00 -2.13426421754575e-09 0.00000000000000e+00 0.00000000000000e+00 0.00000000000000e+00 0.00000000000000e+00 0.00000000000000e+00 0.00000000000000e+00 0.00000000000000e+00 0.00000000000000e+00 0.00000000000000e+00 0.00000000000000e+00 0.00000000000000e+00 0.00000000000000e+00 -1.59889312977137e+01 0.00000000000000e+00 0.00000000000000e+00 0.00000000000000e+00 1.40314215985530e-09 9.90766296754222e-10 1.79082424810098e-10 0.00000000000000e+00 -2.38131956674972e+00 -2.13426421750593e-09
 -1.06518955034030e+00 -1.60387180576222e+00 -2.43999753510528e+00 0.00000000000000e+00 -1.54905043482934e-10 -1.84965269867271e+00 1.39212841974003e-02 -1.57322966665157e-02 -1.45606792694075e-01 -1.25314924640417e-01 -5.16603771116030e-02 0.00000000000000e+00 0.00000000000000e+00 0.00000000000000e+00 0.00000000000000e+00 0.00000000000000e+00 0.00000000000000e+00 0.00000000000000e+00 0.00000000000000e+00 -1.60805878406665e+01 0.00000000000000e+00 0.00000000000000e+00 -1.06518955034030e+00 -1.60387180576222e+00 -2.43999753510528e+00 0.00000000000000e+00 -1.54905044069671e-10 1.84965269867271e+00
 0.00000000000000e+00 0.00000000000000e+00 0.00000000000000e+00 2.38131956674609e+00 0.00000000000000e+00 0.00000000000000e+00 0.00000000000000e+00 0.00000000000000e+00 0.00000000000000e+00 0.00000000000000e+00 0.00000000000000e+00 0.00000000000000e+00 0.00000000000000e+00 0.00000000000000e+00 0.00000000000000e+00 0.00000000000000e+00 0.00000000000000e+00 0.00000000000000e+00 0.00000000000000e+00 0.00000000000000e+00 -1.59889312977137e+01 0.00000000000000e+00 0.00000000000000e+00 0.00000000000000e+00 0.00000000000000e+00 -2.38131956674609e+00 0.00000000000000e+00 0.00000000000000e+00
 -4.90029109646652e-12 -3.54765180643295e-12 -6.86731827930028e-13 0.00000000000000e+00 1.56622943119964e-10 -7.46740349200658e-12 0.00000000000000e+00 0.00000000000000e+00 0.00000000000000e+00 0.00000000000000e+00 0.00000000000000e+00 0.00000000000000e+00 0.00000000000000e+00 0.00000000000000e+00 0.00000000000000e+00 0.00000000000000e+00 0.00000000000000e+00 0.00000000000000e+00 0.00000000000000e+00 0.00000000000000e+00 0.00000000000000e+00 -1.56407506857415e+01 -4.90029117507433e-12 -3.54765198358519e-12 -6.86731546391469e-13 0.00000000000000e+00 1.56622942561117e-10 7.46740391532040e-12
 5.09104799471076e-02 8.24463434828925e-02 9.31844322742749e-02 0.00000000000000e+00 -8.18283221442343e-10 -1.72343991103394e-02 -8.13649273798359e-02 -1.35589834323274e-01 -3.16728421976579e-01 -3.86882122602115e-01 -2.55104184649487e-01 0.00000000000000e+00 -2.71091542389081e-10 -8.34091343551560e-01 0.00000000000000e+00 -5.57565710593597e-10 -1.15707544220319e+00 0.00000000000000e+00 1.40314215985530e-09 -1.06518955034030e+00 0.00000000000000e+00 -4.90029117507433e-12 -1.16963883399477e+00 -1.62400809251626e+00 -2.59509498159183e+00 0.00000000000000e+00 0.00000000000000e+00 3.13480309842077e-01
 8.24463434828927e-02 1.15693993982003e-01 1.14875579479258e-01 0.00000000000000e+00 -9.89686487018601e-10 5.15925063189728e-02 1.23509280057853e-02 -2.39269690756202e-02 -2.61716060605894e-01 -4.04370416121971e-01 -2.67129556060217e-01 0.00000000000000e+00 -1.91440920024415e-10 -1.04264575830267e+00 0.00000000000000e+00 -3.93685789990472e-10 -1.47141130667480e+00 0.00000000000000e+00 9.90766296754222e-10 -1.60387180576222e+00 0.00000000000000e+00 -3.54765198358519e-12 -1.62400809251626e+00 -2.36787009997445e+00 -4.15431621738086e+00 0.00000000000000e+00 0.00000000000000e+00 3.78230199928512e-01
 9.31844322742751e-02 1.14875579479258e-01 8.90337170811457e-02 0.00000000000000e+00 -8.38379804289004e-10 1.49122020280760e-01 2.93164923917415e-01 3.53545914920691e-01 6.72036994152685e-02 -3.04719789666387e-01 -2.36384674616452e-01 0.00000000000000e+00 -3.46145744398214e-11 -1.11126575215773e+00 0.00000000000000e+00 -7.11517011441915e-11 -1.47731877077166e+00 0.00000000000000e+00 1.79082424810098e-10 -2.43999753510528e+00 0.00000000000000e+00 -6.86731546391469e-13 -2.59509498159183e+00 -4.15431621738086e+00 -8.81453770146904e+00 0.00000000000000e+00 0.00000000000000e+00 3.57282113832810e-01
 0.00000000000000e+00 0.00000000000000e+00 0.00000000000000e+00 -6.61631750406981e-02 0.00000000000000e+00 0.00000000000000e+00 0.00000000000000e+00 0.00000000000000e+00 0.00000000000000e+00 0.00000000000000e+00 0.00000000000000e+00 -1.04380586489974e+00 0.00000000000000e+00 0.00000000000000e+00 -1.49840123295707e+00 0.00000000000000e+00 0.00000000000000e+00 -1.56638947110536e-10 0.00000000000000e+00 0.00000000000000e+00 -2.38131956674609e+00 0.00000000000000e+00 0.00000000000000e+00 0.00000000000000e+00 0.00000000000000e+00 -4.50624298262631e+00 0.00000000000000e+00 0.00000000000000e+00
 -8.18283221463562e-10 -9.89686487001456e-10 -8.38379804304549e-10 0.00000000000000e+00 -6.61631750654423e-02 -2.12656050017308e-09 -2.77987505916522e-13 -1.50386676211719e-11 -1.40474548667226e-10 -1.44372569211905e-10 -5.87582341669781e-11 0.00000000000000e+00 -1.04380586489901e+00 4.42026050951401e-11 0.00000000000000e+00 -1.49840123295517e+00 2.33688516676000e-10 0.00000000000000e+00 -2.38131956674972e+00 -1.54905044069671e-10 0.00000000000000e+00 1.56622942561117e-10 0.00000000000000e+00 0.00000000000000e+00 0.00000000000000e+00 0.00000000000000e+00 -4.50624298262631e+00 0.00000000000000e+00
 1.72343991103395e-02 -5.15925063189725e-02 -1.49122020280760e-01 0.00000000000000e+00 2.12656050019919e-09 2.52112954508590e-01 7.56990194907039e-01 1.14621544775509e+00 1.69723193658735e+00 1.05414041867687e+00 3.45377451883543e-01 0.00000000000000e+00 3.94822948644224e-10 1.07694973731803e+00 0.00000000000000e+00 8.48718186941858e-10 2.84019583105237e+00 0.00000000000000e+00 -2.13426421750593e-09 1.84965269867271e+00 0.00000000000000e+00 7.46740391532040e-12 3.13480309842077e-01 3.78230199928512e-01 3.57282113832810e-01 0.00000000000000e+00 0.00000000000000e+00 -4.65068201987368e+00
