Bohr
C -0.3804253877511652 -3.8500338484812744 -2.8361346737988229 
H 0.2935537874828427 -5.7564084611043871 -2.8361346737988229 
H 0.2935885962380738 -2.8968594112046331 -4.4870967378942428 
H -2.4024323419910427 -3.8500089418909416 -2.8361346737988229 
C 0.5896508166833545 -2.4781753002250966 -0.4599836517093063 
H -0.0873796804281692 -3.4292148005142407 1.1909753699270511 
H 2.6116543505189433 -2.4814004769061540 -0.4581340822640141 
C -0.3760288643312428 0.2671103067659126 -0.4626423073952131 
H -2.3980316233791203 0.2703345007893849 -0.4652027729116406 
H 0.3015817598035362 1.2183535384286428 -2.1132459093418943 
C 0.5932114386489431 1.6386752860685012 1.9140192242070966 
H 2.6152138764433790 1.6353130664488253 1.9166575464398938 
H -0.0845276301705837 0.6875236494310719 3.5646228828455615 
C -0.3722829358217918 4.3840259563300092 1.9112474873098424 
H -2.3942853547189689 4.3873864751961724 1.9085908158363669 
H 0.3011360678968469 5.3369914276916974 3.5625729457391873 
H 0.3054702870464130 5.3351830731732015 0.2606528048704728 
