Bohr
C -0.4870201352580903 -2.7444253697497079 -2.3749537270921599 
H 0.1869590399759176 -4.6507999823728197 -2.3749537270921599 
H 0.1869938487311487 -1.7912509324730661 -4.0259157911875798 
H -2.5090270894979678 -2.7444004631593746 -2.3749537270921599 
C 0.4830560691764295 -1.3725668214935296 0.0011972949973567 
H -0.1939744279350943 -2.3236063217826737 1.6521563166337141 
H 2.5050596030120182 -1.3757919981745870 0.0030468644426489 
C -0.4826236118381680 1.3727187854974794 -0.0014613606885501 
H -2.5046263708860454 1.3759429795209517 -0.0040218262049776 
H 0.1949870122966111 2.3239620171602096 -1.6520649626352315 
C 0.4866166911420181 2.7442837648000680 2.3752001709137596 
H 2.5086191289364539 2.7409215451803921 2.3778384931465566 
H -0.1842138224217535 4.6517676844533460 2.3732743510193051 
H -0.1911223776775088 1.7931321281626387 4.0258038295522240 
