CA:
 3.21612474627368e-01 6.85635651491770e+00 2.22976400100599e+00 3.35425058667865e-02 6.60177881588354e+00 -5.45659689799240e+00 -1.16314832098656e+00 -3.50883533017694e-03 -1.09700133714054e-01 2.88876453616125e+00 0.00000000000000e+00 0.00000000000000e+00
 -8.59101010616538e-01 -3.82985985645954e+00 -2.09768817010765e+00 -2.73396213802214e-02 -5.67249684092520e+00 2.25374766830913e+00 1.35234070022050e+00 -1.11270422428547e-03 2.77524007763102e+00 5.23730783573344e+00 0.00000000000000e+00 0.00000000000000e+00
 -8.77127625095964e-02 2.04093355435120e-01 1.35034263830080e-01 1.82291521104066e-03 4.19040103002732e-01 1.79232929411415e-01 -2.44407402178717e-01 8.40697911749469e-04 -6.24566860793740e-01 -1.41637471034296e+00 0.00000000000000e+00 0.00000000000000e+00
 3.27802657199049e-03 -3.36530715800510e-02 2.10766995800626e-02 -2.39562841668966e-01 -3.05201075356703e-01 -3.47573535409332e-01 1.38362722941885e-02 -1.42170786349314e+00 3.75744206880239e-02 1.57497969003087e-02 0.00000000000000e+00 0.00000000000000e+00
 8.58968688652292e-03 -5.92878595170309e-02 3.53561060241941e-02 4.76736427498623e-01 -1.31573212422080e-01 5.71339468917364e-02 -1.96092802583577e-01 -9.22021313422684e-04 1.35778350717171e+00 9.81829883618774e-02 0.00000000000000e+00 0.00000000000000e+00
 -8.84580575288435e-02 2.29198913088728e-01 7.10185654799560e-02 2.07357750981703e-03 3.43808980030686e-01 -8.91294011379455e-01 -1.11988778073966e+00 -1.36810112141175e-03 4.50374144017626e-01 2.58044980001922e+00 0.00000000000000e+00 0.00000000000000e+00
 -1.12420108426426e-01 -6.78819261199491e+00 3.13702165670418e+00 -3.49533669874869e-02 -7.04049301193665e+00 4.73574822472287e+00 -2.27035898420078e+00 3.50782434963921e-03 9.43580622173511e-01 -4.87560658887628e+00 0.00000000000000e+00 0.00000000000000e+00
 -3.25842781389424e-02 3.67349042916226e+00 -3.70235012176419e+00 3.02092749290674e-02 6.54084748774291e+00 -9.60010223139132e-01 3.88160145403169e+00 1.38454799677160e-03 -4.38129668439246e+00 -1.73186828663679e+00 0.00000000000000e+00 0.00000000000000e+00
 -3.00674042377748e-01 -9.12373425103424e-02 6.12578908331272e-01 -3.46800662870819e-03 -9.06996918754227e-01 -8.75878189967021e-01 -1.13609408354851e+00 -1.39320989988882e-03 1.70800326009196e+00 -4.98945516648068e-01 0.00000000000000e+00 0.00000000000000e+00
 3.30305341530023e-03 -3.54782025943133e-02 2.10076896388664e-02 -2.40082681600947e-01 -3.03727650583573e-01 -3.49823840385501e-01 1.42573941386672e-02 1.42126813517852e+00 3.98729857299477e-02 1.62303814732656e-02 0.00000000000000e+00 0.00000000000000e+00
 -5.31166023724371e-03 2.46563561027397e-02 -1.43164879443267e-02 4.77787351816075e-01 -1.77928461813126e-01 -4.04640708940118e-01 2.10090308279506e-01 9.23781904772644e-04 -1.31872178596754e+00 -8.21445901510607e-02 0.00000000000000e+00 0.00000000000000e+00
 -4.05028158150335e-04 2.50618685868260e-01 2.13911201213233e-02 2.12688823539635e-03 3.50092033414509e-01 -9.60752748016295e-01 8.77328849928462e-01 -2.05164161559652e-03 9.58036518011639e-01 2.17106267386136e+00 0.00000000000000e+00 0.00000000000000e+00
