pVp:
 -2.83458934234016e+03 -1.43488839893787e+03 8.25257102821672e+01 3.72887986753594e+01 0.00000000000000e+00 0.00000000000000e+00 0.00000000000000e+00 0.00000000000000e+00 0.00000000000000e+00 0.00000000000000e+00 -1.72586095491217e-01 2.40074621343616e-01 -1.72586066818032e-01 2.40074625029259e-01 -1.72586066818032e-01 2.40074625029259e-01 -1.72586067341613e-01 2.40074607001171e-01
 -1.43488839893787e+03 -7.99455713850481e+02 3.91818767072776e+01 2.19778674810626e+01 0.00000000000000e+00 0.00000000000000e+00 0.00000000000000e+00 0.00000000000000e+00 0.00000000000000e+00 0.00000000000000e+00 -2.47256828523790e-01 2.64751712160091e-01 -2.47256791271497e-01 2.64751713905533e-01 -2.47256791271497e-01 2.64751713905533e-01 -2.47256781289542e-01 2.64751718500080e-01
 8.25257102821672e+01 3.91818767072776e+01 -1.02724573702883e+01 -4.21919634562090e+00 0.00000000000000e+00 1.28598399372189e-07 0.00000000000000e+00 0.00000000000000e+00 0.00000000000000e+00 0.00000000000000e+00 -9.27731787420475e-01 -7.53905094238987e-01 -9.27731747801271e-01 -7.53905105904872e-01 -9.27731747801271e-01 -7.53905105904872e-01 -9.27731548232188e-01 -7.53904859831956e-01
 3.72887986753594e+01 2.19778674810626e+01 -4.21919634562090e+00 -2.74003069508297e+00 0.00000000000000e+00 0.00000000000000e+00 0.00000000000000e+00 0.00000000000000e+00 0.00000000000000e+00 0.00000000000000e+00 -8.74943353393951e-01 -8.85475613374200e-01 -8.74943191317081e-01 -8.85475553272373e-01 -8.74943191317081e-01 -8.85475553272373e-01 -8.74943122348202e-01 -8.85475410761072e-01
 0.00000000000000e+00 0.00000000000000e+00 0.00000000000000e+00 0.00000000000000e+00 -6.27594490389659e+01 0.00000000000000e+00 0.00000000000000e+00 -1.44533647960083e+01 0.00000000000000e+00 0.00000000000000e+00 -8.54976402901269e-01 -1.16473722229623e+00 -8.55020464792223e-01 -1.16479712751700e+00 -8.55020464792223e-01 -1.16479712751700e+00 2.56501657867461e+00 3.49433042838358e+00
 0.00000000000000e+00 0.00000000000000e+00 1.28598399372189e-07 0.00000000000000e+00 0.00000000000000e+00 -6.27594489603399e+01 0.00000000000000e+00 0.00000000000000e+00 -1.44533647867636e+01 0.00000000000000e+00 2.41833140419737e+00 3.29450075770643e+00 -1.20914932092030e+00 -1.64722806013662e+00 -1.20914932092030e+00 -1.64722806013662e+00 -3.17614473983674e-05 -4.32591575700675e-05
 0.00000000000000e+00 0.00000000000000e+00 0.00000000000000e+00 0.00000000000000e+00 0.00000000000000e+00 0.00000000000000e+00 -6.27594491081731e+01 0.00000000000000e+00 0.00000000000000e+00 -1.44533648007132e+01 0.00000000000000e+00 0.00000000000000e+00 -2.09432790774409e+00 -2.85310969810937e+00 2.09432790774409e+00 2.85310969810937e+00 0.00000000000000e+00 0.00000000000000e+00
 0.00000000000000e+00 0.00000000000000e+00 0.00000000000000e+00 0.00000000000000e+00 -1.44533647960083e+01 0.00000000000000e+00 0.00000000000000e+00 -5.98541941774313e+00 0.00000000000000e+00 0.00000000000000e+00 -6.69140638609441e-01 -9.28068134984825e-01 -6.69175401197192e-01 -9.28116214187862e-01 -6.69175401197192e-01 -9.28116214187862e-01 2.00749115825041e+00 2.78430003941359e+00
 0.00000000000000e+00 0.00000000000000e+00 0.00000000000000e+00 0.00000000000000e+00 0.00000000000000e+00 -1.44533647867636e+01 0.00000000000000e+00 0.00000000000000e+00 -5.98541941772870e+00 0.00000000000000e+00 1.89268931737796e+00 2.62507480771346e+00 -9.46331707954343e-01 -1.31251959865372e+00 -9.46331707954343e-01 -1.31251959865372e+00 -2.46149173816334e-05 -3.42726385673611e-05
 0.00000000000000e+00 0.00000000000000e+00 0.00000000000000e+00 0.00000000000000e+00 0.00000000000000e+00 0.00000000000000e+00 -1.44533648007132e+01 0.00000000000000e+00 0.00000000000000e+00 -5.98541941522557e+00 0.00000000000000e+00 0.00000000000000e+00 -1.63911017642248e+00 -2.27337213898327e+00 1.63911017642248e+00 2.27337213898327e+00 0.00000000000000e+00 0.00000000000000e+00
 -1.72586095491217e-01 -2.47256828523790e-01 -9.27731787420475e-01 -8.74943353393951e-01 -8.54976402901269e-01 2.41833140419737e+00 0.00000000000000e+00 -6.69140638609441e-01 1.89268931737796e+00 0.00000000000000e+00 -2.46439018673436e+00 -4.17282705966818e+00 -1.01007608437779e-01 5.83009821758343e-02 -1.01007607728069e-01 5.83009825211389e-02 -1.01008737668260e-01 5.82999409051289e-02
 2.40074621343616e-01 2.64751712160091e-01 -7.53905094238987e-01 -8.85475613374200e-01 -1.16473722229623e+00 3.29450075770643e+00 0.00000000000000e+00 -9.28068134984825e-01 2.62507480771346e+00 0.00000000000000e+00 -4.17282705966818e+00 -8.34724492765845e+00 5.83009704252119e-02 2.59590836549425e-01 5.83009708464054e-02 2.59590836230429e-01 5.82998547852396e-02 2.59589636461744e-01
 -1.72586066818032e-01 -2.47256791271497e-01 -9.27731747801271e-01 -8.74943191317081e-01 -8.55020464792223e-01 -1.20914932092030e+00 -2.09432790774409e+00 -6.69175401197192e-01 -9.46331707954343e-01 -1.63911017642248e+00 -1.01007608437779e-01 5.83009704252119e-02 -2.46439011251869e+00 -4.17282692737891e+00 -1.01007262325811e-01 5.83013325788548e-02 -1.01007484372500e-01 5.83011389432363e-02
 2.40074625029259e-01 2.64751713905533e-01 -7.53905105904872e-01 -8.85475553272373e-01 -1.16479712751700e+00 -1.64722806013662e+00 -2.85310969810937e+00 -9.28116214187862e-01 -1.31251959865372e+00 -2.27337213898327e+00 5.83009821758343e-02 2.59590836549425e-01 -4.17282692737891e+00 -8.34724466604978e+00 5.83013327040398e-02 2.59591124538890e-01 5.83011222919707e-02 2.59590991389909e-01
 -1.72586066818032e-01 -2.47256791271497e-01 -9.27731747801271e-01 -8.74943191317081e-01 -8.55020464792223e-01 -1.20914932092030e+00 2.09432790774409e+00 -6.69175401197192e-01 -9.46331707954343e-01 1.63911017642248e+00 -1.01007607728069e-01 5.83009708464054e-02 -1.01007262325811e-01 5.83013327040398e-02 -2.46439011251869e+00 -4.17282692737891e+00 -1.01007485551827e-01 5.83011381658575e-02
 2.40074625029259e-01 2.64751713905533e-01 -7.53905105904872e-01 -8.85475553272373e-01 -1.16479712751700e+00 -1.64722806013662e+00 2.85310969810937e+00 -9.28116214187862e-01 -1.31251959865372e+00 2.27337213898327e+00 5.83009825211389e-02 2.59590836230429e-01 5.83013325788548e-02 2.59591124538890e-01 -4.17282692737891e+00 -8.34724466604978e+00 5.83011209356429e-02 2.59590990702560e-01
 -1.72586067341613e-01 -2.47256781289542e-01 -9.27731548232188e-01 -8.74943122348202e-01 2.56501657867461e+00 -3.17614473983674e-05 0.00000000000000e+00 2.00749115825041e+00 -2.46149173816334e-05 0.00000000000000e+00 -1.01008737668260e-01 5.82998547852396e-02 -1.01007484372500e-01 5.83011222919707e-02 -1.01007485551827e-01 5.83011209356429e-02 -2.46439010265273e+00 -4.17282691056602e+00
 2.40074607001171e-01 2.64751718500080e-01 -7.53904859831956e-01 -8.85475410761072e-01 3.49433042838358e+00 -4.32591575700675e-05 0.00000000000000e+00 2.78430003941359e+00 -3.42726385673611e-05 0.00000000000000e+00 5.82999409051289e-02 2.59589636461744e-01 5.83011389432363e-02 2.59590991389909e-01 5.83011381658575e-02 2.59590990702560e-01 -4.17282691056602e+00 -8.34724463371864e+00
