H     0
S   1   1.00
     21.88353363             1.0000000
S   1   1.00
      4.30891017             1.0000000
S   1   1.00
      1.18248348             1.0000000
S   1   1.00
      0.43311133             1.0000000
S   1   1.00
      0.22763540             1.0000000
P   1   1.00
      3.22865328             1.0000000
P   1   1.00
      1.22856824             1.0000000
P   1   1.00
      0.51629315             1.0000000
P   1   1.00
      0.22450816             1.0000000
D   1   1.00
      2.77818064             1.0000000
D   1   1.00
      1.01771006             1.0000000
D   1   1.00
      0.52759834             1.0000000
F   1   1.00
      1.89643296             1.0000000
F   1   1.00
      0.67193094             1.0000000
G   1   1.00
      2.13088265             1.0000000
****
Li     0
S   1   1.00
    109.055                  1.0000000
S   1   1.00
     20.8783                 1.0000000
S   1   1.00
      6.48699                1.0000000
S   1   1.00
      1.9545                 1.0000000
S   1   1.00
      1.04023                1.0000000
S   1   1.00
      0.429079               1.0000000
S   1   1.00
      0.161718               1.0000000
S   1   1.00
      0.0829282              1.0000000
P   1   1.00
     17.5494                 1.0000000
P   1   1.00
      5.44422                1.0000000
P   1   1.00
      1.87561                1.0000000
P   1   1.00
      0.775204               1.0000000
P   1   1.00
      0.371484               1.0000000
P   1   1.00
      0.163201               1.0000000
P   1   1.00
      0.076565               1.0000000
D   1   1.00
      6.80179                1.0000000
D   1   1.00
      2.21726                1.0000000
D   1   1.00
      1.0076                 1.0000000
D   1   1.00
      0.497801               1.0000000
D   1   1.00
      0.202532               1.0000000
D   1   1.00
      0.11806                1.0000000
F   1   1.00
      2.78579                1.0000000
F   1   1.00
      1.03442                1.0000000
F   1   1.00
      0.532421               1.0000000
F   1   1.00
      0.277415               1.0000000
F   1   1.00
      0.11709                1.0000000
G   1   1.00
      0.973573               1.0000000
G   1   1.00
      0.413563               1.0000000
G   1   1.00
      0.203462               1.0000000
H   1   1.00
      0.428565               1.0000000
****
