H     0
S   1   1.00
      7.977000D-01           1.000000D+00
S   1   1.00
      2.581000D-01           1.000000D+00
S   6   1.00
      8.264000D+01           2.006000D-03
      1.241000D+01           1.534300D-02
      2.824000D+00           7.557900D-02
      7.977000D-01           2.568750D-01
      2.581000D-01           4.973680D-01
      8.989000D-02           2.961330D-01
S   1   1.00
      8.989000D-02           1.000000D+00
P   1   1.00
      2.292000D+00           1.000000D+00
P   1   1.00
      8.380000D-01           1.000000D+00
P   1   1.00
      2.920000D-01           1.000000D+00
D   1   1.00
      2.062000D+00           1.000000D+00
D   1   1.00
      6.620000D-01           1.000000D+00
F   1   1.00
      1.397000D+00           1.0000000
****
Li     0
S   12   1.00
      6.601000D+03           1.170000D-04
      9.897000D+02           9.110000D-04
      2.257000D+02           4.728000D-03
      6.429000D+01           1.919700D-02
      2.118000D+01           6.304700D-02
      7.724000D+00           1.632080D-01
      3.003000D+00           3.148270D-01
      1.212000D+00           3.939360D-01
      4.930000D-01           1.969180D-01
      9.515000D-02           9.997000D-03
      4.791000D-02          -5.402000D-03
      2.220000D-02           1.704000D-03
S   1   1.00
      9.515000D-02           1.000000D+00
S   1   1.00
      4.791000D-02           1.000000D+00
S   12   1.00
      6.601000D+03          -1.800000D-05
      9.897000D+02          -1.420000D-04
      2.257000D+02          -7.410000D-04
      6.429000D+01          -3.020000D-03
      2.118000D+01          -1.012300D-02
      7.724000D+00          -2.709400D-02
      3.003000D+00          -5.735900D-02
      1.212000D+00          -9.389500D-02
      4.930000D-01          -1.210910D-01
      9.515000D-02           2.766080D-01
      4.791000D-02           5.495480D-01
      2.220000D-02           2.773850D-01
S   1   1.00
      2.220000D-02           1.000000D+00
P   1   1.00
      1.192000D-01           1.000000D+00
P   6   1.00
      6.250000D+00           3.388000D-03
      1.370000D+00           1.931600D-02
      3.672000D-01           7.910400D-02
      1.192000D-01           2.740950D-01
      4.474000D-02           5.194880D-01
      1.795000D-02           2.844230D-01
P   1   1.00
      4.474000D-02           1.000000D+00
P   1   1.00
      1.795000D-02           1.000000D+00
D   1   1.00
      3.352000D-01           1.000000D+00
D   1   1.00
      1.482000D-01           1.000000D+00
D   1   1.00
      6.560000D-02           1.000000D+00
F   1   1.00
      2.280000D-01           1.000000D+00
F   1   1.00
      1.135000D-01           1.000000D+00
G   1   1.00
      2.319000D-01           1.0000000
****
