Bohr
C -0.3100656770617238 -1.8401387912833078 -1.5650779463631075 
H 0.3639134981722840 -3.7465134039064201 -1.5650779463631075 
H 0.3639483069275151 -0.8869643540066663 -3.2160400104585274 
H -2.3320726313016014 -1.8401138846929745 -1.5650779463631075 
C 0.6600105273727959 -0.4682802430271296 0.8110730757264091 
H -0.0170199697387279 -1.4193197433162736 2.4620320973627665 
H 2.6820140612083847 -0.4715054197081872 0.8129226451717013 
C -0.3056691536418015 2.2770053639638794 0.8084144200405023 
H -2.3276719126896790 2.2802295579873517 0.8058539545240748 
H 0.3677640419200401 3.2299758430998002 2.4597312046269320 
H 0.3719414704929775 3.2282485956266096 -0.8421891819061791 
